581
471
589
777
675
635
40
502
209
165
963
247
975
766
356
403
427
944
119
767
77
360
861
256
910
198
614
997
816
947
299
401
142
234
764
930
314
807
320
786
422
825
777
551
871
717
948
218
482
790
926
651
12
973
143
644
541
630
402
379
28
753
341
313
4
206
503
543
926
75
730
21
93
114
760
550
930
952
331
195
528
33
803
774
908
646
243
83
898
914
478
155
970
142
528
780
487
422
253
718
473
586
442
407
854
624
70
794
434
274
561
860
17
991
319
660
954
479
672
783
172
692
948
805
179
472
694
26
742
682
620
220
850
84
103
482
294
202
821
983
363
339
880
366
630
56
209
595
605
531
802
303
288
313
186
506
429
694
76
228
331
314
721
965
373
981
352
59
348
341
824
934
598
331
771
257
800
910
966
363
319
594
777
576
111
637
216
792
822
4
816
630
808
190
639
616
639
328
189
7
126
3
871
862
260
54
110
639
10
335
831
623
249
672
273
57
727
362
647
166
124
149
702
181
275
584
121
288
583
828
410
78
438
95
935
891
833
393
62
778
726
296
130
616
730
266
855
775
307
462
382
210
802
923
188
406
418
406
516
273
862
796
817
384
745
155
980
680
986
763
209
111
308
193
240
582
458
396
94
183
847
296
585
383
548
867
923
298
756
662
577
24
470
433
914
331
399
913
867
131
592
370
609
117
72
182
850
901
484
51
893
336
191
408
581
80
658
53
290
243
664
325
704
113
217
709
232
827
762
965
515
932
188
317
198
595
824
385
395
26
898
116
338
688
311
101
229
149
415
487
124
540
516
428
944
571
595
374
531
638
423
538
92
522
720
741
390
387
815
524
877
448
615
626
770
723
830
391
120
568
678
934
549
291
314
273
547
362
910
730
20
513
100
869
181
365
580
759
977
80
71
321
740
77
583
644
46
217
584
501
851
308
235
740
445
794
807
71
916
3
754
724
922
872
802
882
284
588
425
556
531
797
965
854
908
29
710
108
43
829
897
383
569
508
98
766
97
592
655
842
185
294
43
534
409
467
911
503
641
303
631
532
555
119
898
179
53
112
475
709
552
115
15
908
246
321
859
377
384
509
648
625
703
447
889
737
514
910
525
128
890
518
102
620
778
44
240
448
906
840
342
786
192
156
661
673
887
643
514
296
184
728
136
929
411
775
495
706
537
370
912
689
605
205
954
848
328
892
378
339
323
118
912
756
696
591
433
406
335
920
926
839
141
100
458
963
882
388
182
46
200
290
272
774
395
424
926
678
347
539
62
9
932
103
531
815
158
184
306
303
477
571
524
172
829
605
762
138
662
220
815
242
192
136
71
152
525
209
554
871
998
903
577
173
17
989
439
644
319
630
81
300
109
256
618
509
166
370
519
261
810
711
457
440
112
262
218
455
57
4
790
625
437
761
820
628
401
573
389
627
903
137
346
975
745
125
181
993
519
474
462
413
264
794
459
198
691
138
181
190
961
359
258
992
931
171
758
527
330
870
925
852
503
879
672
972
880
9
685
596
626
923
413
657
244
682
372
990
673
519
150
236
646
522
813
409
183
154
455
325
397
734
584
310
560
870
398
446
542
360
284
368
760
865
146
31
655
26
970
772
651
104
591
504
28
856
758
142
638
632
808
380
517
421
12
778
951
590
637
556
345
165
570
618
752
676
774
936
367
145
254
540
338
489
863
389
21
172
197
375
218
924
208
283
728
603
480
435
118
87
442
550
212
364
141
749
271
805
471
84
71
20
872
468
716
611
831
742
454
154
555
421
321
812
440
747
222
339
477
415
797
305
523
157
249
44
878
857
443
994
699
290
114
918
195
905
881
312
746
867
875
733
801
735
939
167
115
134
843
132
277
945
478
963
730
322
559
640
792
609
292
270
268
842
819
805
514
409
592
272
998
34
911
44
55
174
972
328
916
330
849
996
148
336
354
771
664
726
81
116
563
890
384
615
92
690
542
673
667
157
823
827
54
56
30
830
744
303
966
657
438
356
231
623
661
840
609
850
400
544
526
371
525
635
489
663
274
424
206
307
852
223
663
637
983
571
528
285
506
281
862
17
827
361
446
718
666
958
343
741
451
104
983
462
932
122
129
958
147
495
856
881
662
92
374
341
259
107
497
213
184
298
253
160
538
559
459
173
214
129
510
400
946
460
181
643
75
370
239
377
821
457
347
728
969
4
140
258
727
544
548
230
681
2
418
870
212
703
849
59
393
29
466
701
952
132
19
89
132
868
252
988
788
895
549
843
322
137
706
911
421
990
865
374
699
925
520
362
228
863
453
530
447
506
222
254
499
604
276
484
786
666
809
520
879
459
887
649
838
237
928
102
29
794
981
779
14
28
321
362
658
21
50
794
916
17
202
759
947
744
138
306
332
103
319
231
629
320
463
852
594
709
941
396
821
491
150
563
329
845
80
319
415
598
37
659
787
523
531
467
203
400
743
519
772
54
820
684
777
783
301
42
86
24
490
155
917
259
571
556
209
508
439
454
379
987
931
454
528
125
735
867
834
180
952
340
720
373
996
506
291
198
891
322
266
406
167
76
213
529
922
318
33
809
512
217
980
718
617
273
869
358
225
769
715
181
175
775
525
987
943
942
999
532
648
364
741
184
441
333
806
594
701
361
795
941
838
588
749
824
442
844
605
59
37
638
886
2
215
606
41
820
992
941
602
643
635
62
688
907
932
685
399
776
811
608
812
935
445
696
309
5
885
202
108
134
866
664
504
681
450
577
418
834
151
909
401
789
529
286
793
304
946
907
621
225
30
505
774
307
340
563
354
959
585
176
527
572
98
345
945
998
930
505
387
189
525
359
589
381
848
447
228
921
44
369
10
539
701
639
62
820
929
576
915
448
571
10
19
482
978
121
723
690
109
56
551
147
466
486
76
444
682
563
398
908
945
325
448
104
122
976
971
737
91
362
941
361
8
300
661
457
751
714
110
479
23
450
934
886
617
898
834
27
279
344
688
829
117
458
798
404
580
130
668
347
896
700
20
840
910
120
765
119
303
846
737
478
107
343
614
428
776
526
850
78
411
748
738
933
998
984
532
333
433
22
532
909
470
86
883
581
948
309
244
760
119
238
563
954
210
516
410
850
982
943
277
414
9
286
473
549
152
446
64
70
257
880
744
128
318
511
342
734
859
22
355
750
607
4
679
197
839
652
997
985
278
796
577
705
764
543
787
607
257
227
376
701
598
947
92
276
827
904
627
581
905
159
666
811
402
925
75
206
443
289
776
725
42
162
354
196
6
694
255
400
616
12
91
877
27
772
499
151
362
34
28
638
568
168
402
728
497
2
42
480
6
177
377
708
490
186
865
538
704
550
553
284
916
508
384
587
61
454
539
680
184
494
375
351
65
519
386
747
707
885
631
408
303
351
181
402
800
327
368
108
716
282
893
15
536
26
472
550
241
427
497
292
169
13
137
838
84
816
748
683
88
781
4
712
740
144
241
152
822
37
19
22
762
602
359
202
951
715
742
480
406
839
587
157
982
487
306
507
833
671
25
462
216
267
349
275
873
256
808
244
725
511
489
379
329
419
13
692
573
339
372
608
761
914
135
460
710
739
80
271
369
871
591
271
768
980
425
138
99
314
10
931
136
597
264
656
625
122
595
91
245
9
31
897
447
621
135
706
189
232
706
694
599
26
844
761
76
548
318
951
600
255
908
595
987
737
411
332
420
645
50
670
650
13
118
549
709
187
814
615
33
592
869
179
802
829
597
85
485
214
866
963
359
503
151
732
948
967
463
668
410
684
22
694
638
106
414
795
446
7
42
994
513
45
93
87
85
717
556
145
185
776
758
606
47
407
538
197
949
748
977
959
358
319
966
90
432
572
606
294
302
892
597
197
658
877
231
155
299
484
707
897
942
605
466
984
389
147
36
140
892
502
468
504
1
471
192
689
83
610
682
54
552
814
798
398
76
353
636
434
102
637
235
304
657
652
453
227
245
807
613
272
914
77
210
656
480
476
643
83
706
86
591
581
22
861
576
149
719
302
702
906
181
73
692
671
949
254
553
284
289
236
912
803
246
596
318
99
142
47
35
19
731
94
913
932
909
103
668
693
598
394
27
960
672
499
587
963
721
790
398
400
56
433
659
830
606
340
584
559
35
756
808
116
251
795
16
877
687
511
157
420
818
440
141
528
605
855
598
86
88
3
487
192
333
286
852
112
340
577
581
919
813
60
134
677
179
623
510
644
345
49
822
983
178
41
484
179
282
580
695
845
886
323
675
720
292
566
692
304
878
665
639
619
773
752
280
723
395
937
304
390
519
380
842
699
954
715
930
790
217
658
766
466
564
189
135
530
6
425
68
974
76
262
485
449
929
573
77
709
489
770
745
678
883
767
790
72
191
757
147
713
997
50
499
13
279
331
720
224
964
415
281
908
777
49
738
140
10
282
732
133
633
294
724
401
766
301
275
235
220
715
748
538
903
873
340
707
794
103
953
919
362
889
214
789
987
971
199
930
118
432
395
461
380
477
677
119
324
633
732
419
252
333
648
180
679
197
447
390
903
61
495
357
472
933
311
250
536
710
873
778
36
244
149
777
817
737
942
865
346
127
410
809
741
447
566
556
279
312
632
623
324
165
439
563
150
702
541
351
932
271
834
545
827
827
589
374
981
655
870
31
455
86
906
529
222
280
230
21
756
788
479
663
609
961
664
290
125
757
763
618
673
775
368
875
268
80
119
293
62
894
807
860
132
796
689
936
213
15
400
11
787
431
268
840
27
797
372
467
837
263
701
841
220
87
417
241
451
846
957
215
450
992
72
441
89
317
913
599
800
536
514
620
858
509
731
488
109
82
878
444
170
298
233
535
853
732
561
463
207
431
786
915
563
348
873
204
951
619
460
244
948
918
657
691
405
298
253
754
680
561
899
484
892
745
636
984
715
733
781
537
692
449
964
114
7
441
912
809
834
990
143
708
20
368
992
319
613
971
260
647
220
833
894
861
430
41
336
685
737
269
636
338
210
991
833
442
631
673
935
573
704
5
108
652
611
473
711
495
944
386
988
857
984
913
465
148
699
417
548
383
339
886
400
292
329
325
207
674
267
303
703
285
937
596
137
706
87
470
212
812
929
229
206
190
715
86
50
944
999
471
841
509
909
53
929
391
139
124
653
812
483
372
831
959
199
175
3
623
843
996
95
807
209
113
571
114
90
448
388
439
200
800
836
532
979
468
649
721
854
702
868
216
87
398
274
360
788
621
640
617
355
77
713
978
695
556
121
599
5
816
636
36
969
174
742
622
914
976
401
219
594
909
679
170
576
456
892
318
100
605
691
763
66
669
975
76
660
622
322
388
482
499
753
695
911
778
520
171
968
502
934
641
812
625
106
663
3
52
688
835
744
419
447
950
760
914
684
115
432
824
919
580
764
566
830
219
968
917
441
585
298
219
462
907
710
255
151
41
196
563
774
405
27
753
422
252
512
973
916
57
569
867
907
266
426
14
703
563
143
771
554
108
652
420
615
113
938
906
491
978
414
875
749
337
170
288
803
839
764
609
6
604
150
191
413
482
849
647
174
168
36
97
563
313
606
581
521
358
716
43
591
664
311
853
737
561
653
422
253
907
609
173
293
845
211
994
35
290
574
925
120
54
878
533
935
453
135
987
58
926
42
244
666
592
477
771
511
332
292
625
124
434
849
214
649
804
975
408
453
893
270
357
651
152
7
745
15
596
379
716
999
753
936
70
554
201
258
17
309
752
596
509
622
381
571
930
342
195
639
922
118
747
741
26
698
761
120
809
366
447
468
205
919
746
379
374
752
660
308
541
417
682
51
863
815
176
826
798
910
999
248
913
436
135
316
715
371
761
267
726
59
825
680
769
138
182
393
887
82
25
414
26
404
18
307
477
859
851
946
75
471
714
18
200
751
232
465
416
724
564
681
358
812
721
478
252
865
515
93
307
653
306
753
722
778
655
918
687
684
886
561
678
675
262
960
492
842
614
917
974
960
175
150
359
525
743
923
163
537
147
641
802
122
524
261
696
428
4
385
933
140
124
845
275
775
910
386
340
544
954
978
921
743
223
729
434
162
847
548
451
207
600
879
129
727
834
435
453
168
123
34
48
93
286
424
445
441
294
972
466
935
464
59
700
613
259
602
817
386
514
250
3
512
905
541
354
758
422
134
146
34
511
439
146
746
593
429
915
540
310
846
802
333
246
637
591
574
727
475
570
486
417
439
48
730
533
966
62
69
954
137
617
737
161
976
112
304
5
703
103
579
872
329
423
313
170
234
416
963
653
405
855
338
801
953
184
0
570
488
202
814
563
69
41
82
922
390
295
530
419
48
555
749
866
911
929
636
868
982
857
610
671
164
471
14
728
532
664
174
118
932
233
842
527
925
893
607
573
112
697
244
689
137
102
435
902
163
643
885
22
992
118
344
273
56
41
246
997
704
147
383
721
279
469
856
797
820
748
731
486
672
784
844
496
211
324
892
132
452
627
583
294
845
981
35
967
68
209
810
957
425
859
326
482
684
250
134
472
496
902
113
779
324
691
639
401
452
423
621
784
433
735
30
440
140
582
520
810
334
191
120
810
745
429
20
967
376
505
853
868
833
989
710
554
547
512
451
310
83
338
902
99
275
857
74
236
960
814
154
688
239
254
681
35
213
732
130
396
1
371
922
11
15
601
255
514
421
926
418
283
207
720
823
554
597
42
548
910
645
540
701
529
353
482
557
617
3
407
863
438
5
562
139
809
171
916
10
852
481
595
401
548
719
387
609
787
944
268
881
419
98
598
938
309
434
294
966
913
402
724
402
646
813
761
795
180
465
759
363
84
169
511
966
842
325
966
311
197
673
158
711
489
463
880
262
403
707
582
346
880
944
589
941
823
539
79
134
781
941
177
83
785
571
19
537
355
284
985
949
870
753
793
440
610
953
215
842
456
738
303
977
681
121
46
77
963
722
175
898
986
77
203
368
386
647
942
479
533
906
975
253
651
884
898
986
32
530
146
992
826
506
793
319
930
804
757
810
937
718
288
321
849
210
620
59
22
875
741
197
97
231
455
577
516
939
434
404
540
825
768
657
381
712
379
308
351
146
132
565
233
654
31
187
531
189
85
915
72
306
82
925
109
250
408
101
51
819
278
76
846
299
385
903
74
349
109
476
30
769
133
213
981
330
862
936
234
554
248
236
974
138
470
440
232
711
204
999
520
245
673
626
453
884
227
477
593
811
664
847
384
153
753
602
93
58
694
659
707
425
613
404
264
741
916
149
159
998
60
180
178
199
494
704
570
718
396
868
63
576
521
717
240
548
798
146
290
58
948
516
864
796
578
114
980
787
297
236
606
125
476
347
165
18
173
607
455
14
301
13
763
618
519
142
276
371
330
875
131
697
789
862
157
423
839
835
199
195
568
149
538
764
345
352
541
196
793
923
421
402
507
924
948
107
523
120
977
774
381
648
485
120
705
285
918
314
407
254
468
453
200
97
354
663
651
881
642
851
143
932
190
626
343
643
595
472
800
55
231
108
23
104
647
988
950
689
578
385
841
247
921
503
199
212
455
672
48
149
400
865
511
492
528
858
306
744
890
799
947
515
3
34
134
74
770
768
87
554
729
16
310
874
688
255
722
807
953
637
608
89
773
352
548
497
0
637
149
296
87
66
77
604
514
448
778
202
435
67
311
712
43
354
445
410
93
250
365
659
468
21
947
839
296
940
201
733
332
130
550
472
960
488
150
850
62
255
625
744
974
623
576
765
795
158
470
957
617
48
972
688
841
292
21
132
995
955
140
95
588
191
620
432
278
254
203
465
458
967
271
56
748
532
410
798
98
336
730
451
149
76
811
748
262
273
488
250
18
79
237
593
938
922
886
206
469
756
752
321
117
380
751
999
192
792
703
539
303
430
795
800
251
980
936
925
207
193
923
701
714
417
659
708
125
666
408
3
467
768
372
828
444
554
810
494
51
451
250
958
800
104
126
590
863
770
471
14
533
949
876
872
965
105
273
819
32
680
468
534
33
214
549
685
787
278
186
419
10
182
221
986
436
615
393
116
892
505
337
689
965
831
934
924
53
847
809
836
117
783
376
491
112
300
616
658
437
375
701
168
170
375
836
863
206
255
73
754
443
108
767
432
853
579
979
30
105
652
522
596
29
89
165
128
267
903
841
223
141
300
65
714
637
800
190
707
729
947
506
531
708
492
342
898
583
62
879
959
905
501
370
571
888
991
750
470
4
931
162
430
676
603
954
474
738
199
643
98
2
43
231
873
984
345
607
781
103
272
482
944
614
258
409
873
675
703
707
492
319
512
856
279
588
998
240
403
748
86
409
33
646
320
309
434
519
451
970
970
132
736
120
183
472
121
217
249
902
808
249
884
945
978
900
840
18
825
702
317
165
714
948
126
28
921
445
372
809
592
517
470
366
661
857
152
403
662
959
432
343
77
387
985
936
269
382
587
425
926
596
830
9
962
862
492
326
733
522
726
216
767
82
87
606
708
949
47
829
195
915
144
276
828
870
452
704
744
396
573
467
251
322
466
2
889
914
559
567
105
386
862
661
633
410
727
762
696
6
625
403
810
820
884
474
287
487
86
206
224
769
270
633
505
560
642
713
752
567
88
373
206
190
427
479
264
198
597
980
53
890
25
70
372
569
585
497
116
360
424
653
344
842
451
445
296
347
354
774
114
613
682
12
733
976
881
683
660
959
916
174
767
383
731
170
280
839
166
509
450
206
253
668
447
186
736
770
101
394
283
561
614
943
847
152
65
37
590
613
360
107
699
64
310
434
817
696
795
478
692
931
354
428
779
141
72
561
0
939
440
46
355
527
513
717
747
327
390
603
909
916
959
526
107
612
5
479
406
614
617
942
735
114
739
777
223
592
58
508
300
430
472
716
83
740
501
304
913
237
11
219
313
863
72
479
455
861
939
876
666
519
275
33
240
565
777
163
752
894
352
37
927
280
679
352
414
111
610
843
96
601
376
351
827
43
119
230
910
801
860
566
848
221
440
70
158
667
866
43
9
730
121
967
803
194
36
572
805
859
441
196
138
596
628
393
495
524
193
915
528
812
497
74
775
125
998
945
646
856
561
297
130
402
404
690
140
352
883
661
780
418
47
366
631
862
942
522
483
958
531
344
442
468
915
61
269
975
787
368
580
398
498
238
368
250
580
915
861
839
133
726
524
704
43
700
922
280
13
919
322
134
299
25
4
976
990
125
195
187
340
275
747
796
739
56
722
131
52
438
610
450
121
994
997
210
214
687
392
873
887
895
986
165
950
337
156
720
440
997
127
436
118
982
661
321
54
180
103
266
769
315
370
284
149
814
484
471
970
503
866
48
349
172
648
121
438
278
721
45
931
771
950
144
408
574
564
808
600
209
741
32
593
227
167
918
886
686
948
278
178
168
604
230
407
611
153
925
878
501
638
51
353
57
271
446
971
13
425
386
556
406
884
403
987
212
396
459
354
711
851
298
760
691
654
400
838
709
693
414
431
105
952
32
402
549
405
649
387
692
136
697
601
738
622
133
896
309
151
985
765
499
292
792
120
225
544
13
805
169
852
661
781
800
916
778
733
662
745
40
822
999
500
989
633
194
421
920
708
178
584
876
258
801
590
760
80
159
194
489
808
477
665
867
52
623
288
217
593
468
263
276
418
190
204
295
883
385
101
223
615
89
186
592
491
593
129
708
102
46
450
928
977
837
44
730
797
301
842
472
284
232
587
137
322
327
451
983
333
246
450
828
12
232
33
479
540
13
61
691
366
11
880
293
185
476
431
802
543
411
263
294
409
275
144
341
318
459
387
524
387
310
834
864
487
158
502
607
965
843
705
358
654
985
575
843
760
192
522
175
853
353
638
345
856
560
606
413
123
605
531
567
940
910
453
154
734
960
532
487
74
242
232
418
342
593
623
3
447
13
812
4
369
372
49
138
426
944
129
807
593
973
520
461
649
397
477
184
951
113
765
147
363
802
597
235
62
171
866
873
488
444
854
88
161
380
982
555
743
769
847
71
652
16
354
829
142
252
741
54
800
505
45
474
39
983
263
662
873
184
517
481
668
388
236
617
957
752
883
995
783
752
494
994
394
236
918
962
513
781
410
574
821
837
280
266
860
938
786
661
771
596
619
205
996
209
663
932
300
307
143
461
389
405
503
106
457
791
391
864
608
16
796
158
264
394
687
192
706
633
147
504
20
906
46
341
827
895
843
214
916
833
376
992
210
884
407
268
163
451
935
827
240
129
450
122
969
532
212
607
368
178
591
327
380
24
831
310
420
299
903
174
721
31
404
379
664
272
680
202
459
641
155
195
138
254
193
12
849
406
38
18
11
676
624
201
2
537
901
637
321
901
384
551
460
832
413
964
210
518
243
140
243
165
811
128
482
812
382
876
622
19
77
446
567
943
679
315
336
934
922
926
195
591
6
216
325
42
758
676
13
392
55
689
173
767
605
266
622
879
444
129
82
735
84
765
443
873
652
504
736
664
769
513
148
167
806
590
147
289
217
455
249
594
363
127
483
280
455
938
440
517
169
134
731
314
651
168
157
59
851
496
319
910
315
26
685
557
954
949
952
562
627
49
527
553
740
520
489
583
585
926
185
187
141
813
124
107
608
496
457
503
240
163
684
462
360
755
81
909
269
171
656
846
239
794
734
556
12
662
742
205
719
34
431
362
457
214
246
570
217
886
24
103
897
788
66
549
427
669
890
458
191
251
304
70
267
127
383
335
578
102
405
445
23
779
369
707
983
121
981
588
222
356
970
675
698
876
436
602
40
906
372
565
539
947
215
226
547
979
92
405
27
831
917
974
486
695
455
218
61
598
237
759
599
566
529
174
486
359
917
709
967
175
838
434
819
846
360
815
632
668
43
561
411
154
22
164
731
449
81
534
823
731
784
773
904
907
685
460
671
385
876
455
960
877
912
146
67
621
539
905
286
618
614
21
703
699
208
818
164
879
590
934
815
293
488
596
235
276
182
865
70
475
304
212
596
949
998
596
822
885
849
777
528
246
890
47
963
570
918
725
952
229
87
629
355
254
954
727
602
495
269
331
686
789
900
8
568
534
645
180
551
58
671
60
341
364
669
984
582
303
89
152
871
558
622
385
85
542
850
893
109
257
515
876
926
19
718
222
494
441
185
457
398
747
856
242
542
807
33
810
132
703
844
881
105
454
467
185
123
474
791
530
934
401
628
12
917
856
351
394
591
715
555
964
442
504
644
812
928
797
319
260
303
303
436
315
165
98
164
922
109
837
286
106
787
992
215
540
639
785
374
580
238
703
35
538
614
92
656
418
506
265
665
1
70
199
763
55
834
798
819
629
201
431
537
970
204
883
448
342
506
114
792
795
983
275
80
316
742
263
967
419
892
205
643
601
541
319
752
296
148
532
868
205
128
144
801
845
164
166
981
420
657
580
654
926
947
970
95
606
940
26
364
431
645
162
87
14
831
964
622
704
277
480
15
682
864
636
294
646
532
471
176
473
175
344
560
449
576
226
514
710
82
568
28
779
896
316
359
557
484
860
408
158
192
822
621
76
511
833
734
502
629
535
921
817
997
353
753
727
613
510
251
816
784
964
555
334
672
910
993
95
467
312
108
80
753
422
469
869
834
913
151
737
197
481
510
698
273
536
417
944
191
377
192
98
6
262
633
855
459
675
219
257
42
107
25
268
363
88
927
881
507
142
835
682
443
632
884
462
100
9
196
452
895
572
765
381
362
298
405
562
629
157
652
812
969
656
784
551
882
874
56
46
758
57
686
701
17
73
193
584
750
491
591
50
656
700
581
786
151
813
862
819
240
651
611
664
477
599
549
326
181
859
687
128
910
973
128
493
232
360
820
901
860
998
966
738
562
249
239
570
944
645
846
393
236
956
559
387
672
685
754
508
634
745
854
470
59
401
643
407
930
819
985
442
826
533
559
388
107
146
278
244
833
251
967
495
20
351
459
279
769
842
821
610
920
479
306
244
670
79
57
24
672
409
292
732
939
312
734
751
569
328
881
283
804
21
208
102
213
875
175
212
435
936
84
767
880
159
783
446
538
488
426
228
226
100
614
457
451
18
362
920
358
546
504
619
753
692
33
605
888
266
688
619
370
937
778
774
945
406
269
306
761
482
153
947
263
566
313
269
567
300
328
102
107
489
276
173
452
373
919
3
547
570
202
909
419
497
274
579
543
509
620
480
626
845
662
646
388
20
633
342
402
58
246
758
845
810
532
207
975
622
436
667
532
195
459
618
771
194
380
319
228
260
175
698
671
969
987
962
582
951
163
385
362
944
355
421
76
632
748
296
664
362
807
593
895
56
446
500
822
372
57
399
682
750
867
96
580
800
15
803
628
459
125
322
689
763
270
698
609
670
121
545
640
676
175
398
195
460
853
29
791
11
546
816
338
854
138
335
310
622
990
999
343
524
635
219
667
837
783
12
951
436
46
608
499
533
814
744
228
249
780
18
774
868
782
41
322
928
209
80
921
883
626
950
680
960
582
417
303
782
660
188
902
383
39
517
440
580
668
91
687
25
260
756
181
878
53
470
212
36
905
394
42
575
640
17
260
835
316
496
896
655
257
550
155
149
781
624
543
318
433
356
647
88
944
310
219
805
16
333
952
95
867
161
422
541
381
8
851
747
679
89
808
756
11
621
523
664
80
305
314
780
727
204
776
465
552
905
809
351
357
154
86
723
344
502
8
960
142
758
490
534
486
922
370
892
483
915
714
714
431
56
614
417
438
135
71
731
451
764
267
518
45
986
743
809
624
75
66
212
373
296
760
820
739
626
410
541
442
358
681
425
668
739
636
345
869
755
95
521
860
286
913
788
523
989
754
251
381
39
659
674
694
697
684
646
42
440
920
680
93
22
352
559
607
332
765
957
432
492
579
578
611
266
971
446
598
910
170
477
413
960
297
32
944
433
179
768
315
802
204
805
218
539
139
272
20
694
81
617
209
29
496
453
614
212
525
543
375
53
65
878
997
450
261
141
943
544
130
825
910
429
262
731
829
27
493
922
809
676
719
40
649
275
221
54
762
574
399
176
209
38
53
962
874
614
411
409
22
457
257
60
306
114
851
502
922
724
866
521
928
440
176
605
268
229
758
639
959
357
522
571
885
348
952
119
318
134
201
19
822
834
429
925
571
120
594
910
490
187
558
946
178
974
228
446
18
617
510
345
38
846
559
207
919
538
596
154
737
446
431
122
49
935
526
840
586
851
9
743
799
658
35
985
429
775
164
772
222
250
34
440
506
766
973
285
995
132
728
753
887
783
490
747
898
650
264
544
346
438
857
119
761
301
694
582
420
567
377
168
486
736
704
223
435
748
991
633
795
100
975
612
686
98
320
312
618
592
849
928
316
999
812
19
946
575
815
907
381
359
883
5
892
718
934
134
876
499
836
339
198
524
726
670
740
25
443
364
557
489
377
723
376
837
471
914
381
908
783
3
506
793
26
769
63
764
510
819
917
358
911
732
104
272
839
131
791
919
103
26
100
482
626
665
33
517
516
701
145
277
685
241
440
630
559
331
626
915
723
983
968
627
911
744
310
604
168
363
125
346
454
496
58
469
341
747
767
684
205
475
522
472
238
427
315
85
516
900
746
96
600
379
92
372
443
571
689
416
757
298
183
222
760
346
349
2
223
331
576
534
352
873
663
465
43
289
517
373
936
83
346
380
89
42
957
771
44
191
553
739
930
547
45
83
16
495
379
890
109
299
346
264
202
891
637
653
902
24
45
881
557
939
954
661
959
264
15
333
894
210
659
681
27
509
765
977
864
266
656
333
47
398
108
31
529
37
107
766
873
261
768
642
447
416
927
331
40
890
215
971
429
91
734
492
147
187
346
354
497
814
449
367
963
537
49
456
632
967
686
933
853
559
356
756
726
945
725
938
959
832
147
38
146
342
461
795
741
83
651
103
359
858
95
678
864
529
954
403
305
852
815
568
852
992
450
822
275
456
338
454
343
700
723
347
762
565
659
326
903
727
561
523
825
980
899
986
873
378
13
245
534
303
599
347
346
704
408
82
737
511
505
676
299
747
326
955
846
965
128
314
740
901
745
17
182
690
350
1
831
24
971
230
143
1
889
751
489
5
454
63
579
640
394
831
501
462
451
978
95
446
743
699
683
941
303
610
365
241
460
66
423
501
838
623
290
754
821
267
644
148
702
251
827
879
864
407
603
286
250
204
199
364
102
677
571
970
749
410
669
232
525
467
101
407
649
519
469
904
778
504
387
114
470
653
502
17
688
68
198
30
999
641
385
433
382
957
838
50
444
93
115
350
127
918
95
84
735
652
949
831
427
499
335
832
928
158
18
353
981
818
866
470
574
886
582
296
544
594
111
425
158
738
586
784
504
32
743
86
275
546
483
782
166
24
888
739
641
778
572
123
296
410
911
143
23
131
878
902
154
627
25
669
829
11
631
542
239
46
774
757
601
403
330
212
32
593
366
22
341
252
288
928
571
941
985
998
799
263
645
200
79
371
410
134
1
75
663
908
291
505
112
573
930
111
110
297
720
950
189
412
48
405
57
855
193
458
675
335
387
61
454
939
717
474
636
472
309
667
440
600
94
736
86
304
501
388
347
980
785
547
734
432
97
596
549
801
525
400
342
768
833
4
348
447
87
7
610
639
625
717
704
135
294
136
566
924
110
808
599
144
507
233
412
904
156
475
665
249
215
620
783
544
101
298
898
878
24
566
789
851
191
889
739
717
681
847
472
433
196
703
803
31
666
254
562
69
881
894
924
827
991
275
365
883
914
962
865
785
6
648
590
189
852
792
10
794
570
556
588
231
67
62
701
116
979
627
290
446
346
904
944
334
527
212
396
561
342
277
122
124
419
39
694
50
654
97
420
174
665
173
579
322
136
478
995
621
162
763
415
689
47
425
116
120
811
913
515
165
396
851
32
525
530
571
606
325
984
42
244
88
95
517
197
946
495
781
214
443
936
642
128
801
638
204
563
280
694
643
440
696
937
946
653
192
674
563
672
934
321
881
389
759
79
779
218
887
635
32
264
594
158
1
309
886
719
294
257
461
54
811
730
132
307
252
68
221
92
138
311
676
263
429
376
899
908
138
341
452
378
227
843
653
225
346
153
686
927
739
318
393
58
719
55
621
260
688
874
799
6
364
660
666
908
910
974
855
528
518
795
865
855
426
387
694
658
801
447
991
281
488
785
65
328
170
256
871
364
794
554
330
814
841
659
990
437
923
944
31
287
426
742
147
281
4
491
936
810
61
685
696
366
327
237
386
382
766
88
849
231
589
550
386
712
1
231
367
862
125
490
142
436
562
575
905
529
481
21
31
207
471
804
430
896
699
756
874
653
84
223
516
811
886
250
605
576
436
578
165
81
275
23
981
992
151
921
217
7
919
610
51
781
560
365
246
527
698
990
160
397
78
526
693
849
624
720
459
302
471
994
691
599
218
566
558
147
762
991
953
212
380
346
905
127
897
625
769
437
664
833
806
267
537
271
599
180
415
972
437
3
816
939
837
409
417
0
166
963
835
430
638
168
533
548
421
21
897
950
752
492
541
463
710
463
61
201
372
980
946
264
610
252
916
680
485
794
988
832
98
479
809
934
706
85
857
180
486
905
798
619
11
736
336
224
722
982
42
763
83
897
624
693
115
18
784
719
448
531
421
934
169
656
214
109
561
105
256
698
266
328
172
705
707
854
540
506
191
159
879
909
93
900
495
322
366
562
630
685
21
824
752
109
257
483
544
52
802
913
82
649
22
878
293
752
38
922
44
389
841
829
626
151
415
351
735
234
270
741
355
116
97
411
907
108
610
205
477
646
538
312
927
643
501
682
754
271
938
72
255
512
826
220
482
892
474
23
950
381
865
789
749
844
205
167
722
993
729
768
349
735
866
609
153
676
354
117
870
560
266
82
715
955
338
398
167
390
711
525
625
829
497
439
924
561
873
856
249
524
665
659
267
710
728
524
313
850
951
397
749
46
154
878
418
355
892
803
422
86
193
592
6
816
342
470
733
760
321
594
968
667
35
984
596
330
502
480
162
119
576
837
423
914
175
253
51
225
378
786
541
758
344
469
445
939
575
746
272
136
874
746
325
320
471
134
762
49
995
250
93
145
330
540
973
376
112
421
959
499
317
716
603
856
355
859
447
868
509
174
40
188
502
613
468
727
138
420
631
205
430
279
893
983
609
432
231
972
703
331
328
500
952
411
873
312
714
669
598
757
520
745
80
474
455
229
804
343
418
892
549
832
271
427
57
780
12
610
23
895
631
282
322
685
501
149
629
893
241
522
39
330
483
278
658
357
539
862
232
214
777
911
457
287
927
349
39
795
28
471
575
901
681
412
36
296
55
177
594
861
733
700
375
25
379
505
841
278
744
862
490
359
500
274
734
365
554
843
478
386
392
432
348
238
182
949
454
619
744
433
308
818
680
936
437
730
347
683
319
743
771
983
49
42
281
552
379
504
989
318
673
328
822
568
360
923
486
622
208
127
441
560
661
794
61
677
729
164
155
696
567
356
317
623
37
693
211
885
148
991
847
121
984
13
799
713
682
52
634
76
668
476
872
627
45
326
792
725
549
587
425
211
240
372
707
830
11
685
337
707
716
544
354
230
519
608
87
588
599
293
375
199
66
724
742
502
498
63
747
505
303
192
82
804
585
721
657
250
785
226
740
347
879
546
802
725
95
581
340
835
779
862
484
152
974
723
918
143
44
846
787
252
294
693
907
587
392
601
493
78
715
202
491
130
251
241
528
342
691
116
465
550
726
839
734
818
28
149
229
484
417
814
587
127
584
678
91
221
123
423
330
50
465
102
386
657
228
704
721
216
505
769
771
121
933
390
231
829
431
965
135
775
989
485
593
0
60
500
227
68
449
72
719
699
944
823
975
818
828
750
452
838
972
49
282
346
692
927
915
410
919
216
315
806
506
329
777
448
133
163
608
414
428
79
626
919
417
727
831
622
728
910
662
107
408
849
926
805
270
276
431
777
917
74
62
932
839
992
711
272
270
530
678
458
454
895
402
671
529
543
457
57
191
798
416
81
349
410
281
526
864
596
801
396
654
520
292
365
349
168
212
665
975
965
576
32
531
664
199
647
951
333
224
811
873
0
553
375
301
648
759
142
998
708
156
530
710
30
11
195
462
173
523
629
677
363
632
642
880
832
347
86
981
436
744
473
395
845
10
321
475
660
46
944
928
477
475
542
823
616
952
698
853
635
349
464
986
238
863
336
202
433
138
859
242
573
263
158
801
604
915
307
443
73
525
114
77
250
351
610
615
463
495
347
70
121
413
635
837
893
597
565
239
521
317
976
727
54
2
521
923
609
447
15
673
519
918
743
282
38
643
162
644
378
128
791
437
116
681
155
500
303
779
30
157
43
184
365
450
598
450
369
157
715
577
366
661
113
107
795
68
149
850
119
59
938
466
607
33
462
133
75
471
205
9
843
787
508
588
828
86
377
301
358
360
644
530
769
356
13
240
148
11
28
902
431
505
51
788
164
929
192
162
36
96
364
117
663
517
891
564
157
487
866
152
563
434
910
113
280
685
845
112
900
263
593
448
331
843
256
624
8
678
613
836
123
745
969
313
187
822
699
27
57
686
983
483
278
398
634
591
624
39
59
417
672
855
14
605
780
94
521
819
197
696
301
926
191
356
971
742
343
770
455
485
47
330
60
469
565
949
4
909
746
615
163
504
65
98
107
213
468
51
891
863
217
777
392
911
640
775
347
653
711
848
365
695
66
422
479
584
854
671
849
400
919
858
896
19
915
534
201
213
428
726
254
688
878
531
512
739
455
963
201
38
943
608
905
606
805
97
166
742
163
659
57
752
605
814
901
439
665
741
75
663
641
949
253
682
89
665
150
529
48
402
862
398
175
874
119
380
302
44
789
211
375
676
317
635
580
56
611
125
933
269
142
928
508
279
751
255
233
546
437
894
791
661
370
575
456
986
712
116
739
228
660
364
572
767
340
43
517
371
501
843
760
270
690
770
597
835
110
379
919
317
627
793
998
697
887
265
224
38
525
427
53
971
890
789
341
90
212
87
431
971
305
76
34
601
68
173
682
344
525
34
710
678
605
836
426
553
78
833
478
378
91
434
22
424
931
747
675
244
951
408
639
812
377
430
848
850
981
227
920
818
45
657
630
184
80
774
127
204
125
924
262
315
567
126
460
550
282
706
108
515
180
223
238
102
476
804
920
595
146
657
66
858
338
272
553
669
274
905
317
550
571
872
705
141
482
592
202
450
469
301
275
474
17
806
906
563
343
923
11
30
883
886
797
359
668
366
255
361
142
511
518
175
990
710
834
416
327
132
451
508
966
41
716
393
62
423
689
708
259
933
628
183
283
511
146
689
320
591
6
802
962
395
262
359
519
437
303
513
544
275
297
461
153
1
311
38
681
756
271
155
309
795
299
909
384
129
499
955
620
849
883
92
274
996
679
68
304
117
281
781
316
614
862
469
976
703
196
643
342
393
819
253
513
856
414
151
175
101
184
642
753
997
329
153
372
964
616
138
292
825
389
588
381
365
504
190
510
435
566
771
274
784
173
60
682
18
312
17
488
741
490
482
595
966
66
19
18
942
377
548
895
141
932
418
791
345
628
180
272
605
406
590
510
932
244
852
614
358
103
41
751
815
531
417
428
320
794
728
443
595
168
941
657
155
269
654
562
998
174
586
187
675
419
849
669
909
662
710
95
445
717
355
174
218
126
754
30
540
499
130
620
105
973
967
266
454
584
539
629
851
840
765
352
455
313
529
236
865
112
347
997
887
767
970
661
524
475
193
769
239
437
406
191
567
973
858
418
118
585
503
393
563
244
41
23
435
747
851
424
881
425
229
993
835
252
210
434
12
466
396
315
181
274
638
991
919
436
536
225
721
579
682
788
642
757
621
737
550
789
167
196
507
392
101
914
887
524
895
131
735
98
818
52
790
224
195
196
30
479
692
263
885
615
657
875
209
296
860
171
147
627
128
62
196
970
135
474
905
47
914
815
411
550
307
912
0
771
954
918
707
27
70
353
287
502
398
497
343
412
938
769
276
896
136
576
112
447
762
305
415
184
146
772
42
399
994
752
943
639
466
931
999
203
900
659
49
4
133
528
713
710
73
693
745
213
805
411
811
406
261
942
1
317
11
329
721
888
407
156
792
965
275
993
804
630
890
89
873
9
188
687
253
788
970
977
289
487
429
208
582
914
635
544
180
154
1
210
340
938
301
879
65
206
644
864
90
825
8
560
691
489
761
766
358
613
175
866
907
572
881
639
510
178
778
922
656
943
538
3
205
529
425
322
109
327
295
557
447
554
802
326
772
263
219
634
297
40
114
408
505
29
832
910
741
724
987
230
470
628
95
356
386
568
601
867
942
30
169
765
182
131
967
511
300
819
513
150
146
904
774
814
373
384
178
628
637
339
242
883
994
823
694
445
729
279
732
372
389
435
833
275
344
729
327
778
87
285
817
48
668
60
723
108
692
3
571
395
431
265
958
136
935
476
552
156
62
981
75
612
855
661
945
655
306
782
372
287
50
100
81
399
835
546
419
902
870
702
68
877
906
30
469
550
847
455
8
911
793
813
893
44
412
877
450
523
536
552
841
484
265
16
831
429
347
410
16
42
508
91
481
904
484
155
894
324
725
753
768
973
479
603
70
98
642
950
40
352
708
654
547
728
728
112
694
926
358
528
503
336
972
231
567
160
440
308
659
879
783
665
729
148
223
923
598
553
204
387
99
613
30
76
169
86
658
255
163
482
903
173
578
928
376
257
742
475
825
594
88
799
433
942
875
378
773
177
820
161
217
510
853
677
230
510
526
313
579
444
408
594
676
20
117
72
284
480
171
150
553
536
607
107
36
549
171
679
322
37
178
926
796
186
129
397
266
36
27
115
325
114
892
559
864
917
841
68
553
782
554
320
646
549
513
225
674
268
154
474
984
215
1
805
823
496
924
637
680
265
162
465
987
805
590
597
511
163
480
688
499
897
427
683
542
806
969
47
802
419
627
196
648
840
854
951
420
804
566
520
330
957
645
710
875
633
735
675
707
742
369
896
331
200
528
261
88
431
593
776
410
934
219
431
578
928
398
723
845
759
163
152
975
467
185
803
639
91
252
565
964
967
245
928
479
706
858
306
232
307
848
365
728
881
315
952
652
470
539
210
854
754
982
632
410
974
268
715
906
273
946
163
471
453
589
138
788
726
462
801
799
664
290
99
246
597
466
813
352
11
409
810
800
818
783
561
633
137
173
745
43
977
676
222
662
663
557
997
798
926
350
262
665
461
266
687
572
815
528
583
796
824
622
207
593
248
894
62
665
465
81
280
341
313
362
125
655
149
981
852
780
314
295
67
479
731
654
937
484
48
655
572
369
32
367
468
351
819
113
450
534
833
685
954
622
760
595
847
887
728
29
607
236
588
939
808
972
170
430
919
714
484
747
835
940
771
435
56
974
818
606
27
704
685
128
307
556
498
874
924
430
268
245
249
41
126
845
239
631
652
91
2
829
309
794
792
132
680
892
204
481
995
7
314
26
636
1
511
655
291
28
215
797
124
616
143
750
179
451
967
906
63
621
448
518
408
315
344
931
33
974
756
498
673
139
701
724
995
892
338
800
557
39
204
602
542
96
537
987
738
825
848
283
835
91
530
103
571
823
819
296
730
876
715
352
926
350
264
50
36
981
487
988
276
130
24
751
928
667
20
406
865
515
888
865
54
825
966
741
173
445
169
757
897
413
486
204
991
308
802
802
580
331
1
667
411
255
291
145
96
683
925
851
491
799
644
403
692
306
425
91
632
768
29
54
503
3
236
731
618
892
282
429
659
296
828
988
963
897
150
844
479
415
402
382
994
282
279
776
439
62
672
768
325
935
293
890
44
997
356
910
133
953
290
361
498
960
884
334
501
53
8
980
547
204
892
700
83
86
124
674
433
234
621
717
558
190
913
393
371
179
799
160
992
148
595
758
849
102
197
249
999
982
526
610
65
935
236
26
261
227
431
353
596
207
711
639
458
288
985
117
916
334
461
816
763
114
490
231
788
244
836
961
503
618
595
32
461
115
106
341
690
92
374
105
686
850
414
41
689
908
254
221
934
421
312
326
830
185
621
560
567
25
280
780
752
399
966
931
784
870
514
648
611
648
126
270
220
783
967
571
387
943
139
520
468
438
33
790
689
215
427
872
782
761
665
866
814
848
324
210
857
708
608
211
716
259
87
196
808
147
636
71
635
36
513
251
409
742
894
358
709
933
308
85
990
271
163
197
332
887
39
855
777
408
238
884
529
686
808
481
985
720
241
269
711
51
16
475
424
523
321
303
790
169
882
901
879
733
953
435
491
772
981
132
874
368
233
212
587
999
121
676
958
267
368
76
786
159
88
702
332
902
336
37
86
386
934
294
694
677
308
285
400
397
599
831
180
250
95
793
230
911
409
111
648
372
995
148
70
756
44
891
407
943
170
184
894
18
702
132
928
5
942
400
672
915
307
706
308
191
123
808
561
858
464
810
155
2
380
924
376
915
335
274
790
742
235
871
790
675
605
562
782
881
815
647
742
708
271
385
414
683
347
725
559
248
62
515
637
123
114
459
239
942
808
986
745
761
51
540
199
17
627
335
77
727
667
618
247
866
760
285
22
424
341
688
159
154
79
384
403
390
848
943
816
51
354
734
707
398
299
702
326
609
168
302
709
201
567
79
355
973
812
908
376
932
43
866
514
798
363
179
865
227
402
847
534
260
271
309
80
202
980
715
374
254
811
891
996
569
17
312
942
113
162
633
358
502
67
818
455
635
327
697
902
693
725
767
755
950
190
824
826
693
179
743
284
450
631
246
55
544
952
188
4
176
996
127
194
679
903
651
96
673
65
171
813
32
987
215
2
328
619
102
994
555
242
540
614
140
809
433
784
251
275
361
432
673
223
660
471
281
593
439
328
746
381
592
628
778
667
13
740
105
849
252
384
31
819
33
629
800
693
391
932
342
529
938
655
463
854
260
599
265
980
941
753
66
769
495
549
29
383
950
412
384
946
832
573
823
23
462
469
768
821
920
305
786
783
649
98
41
291
49
413
254
638
409
441
319
922
780
252
550
878
51
189
600
599
694
962
959
773
529
334
279
201
625
995
616
318
894
894
892
296
119
714
426
234
858
999
925
722
323
863
425
586
720
766
165
791
956
431
683
512
986
645
889
84
117
66
975
959
447
309
672
233
302
812
598
664
171
562
697
779
289
220
398
488
960
645
765
455
576
758
761
293
655
306
207
380
791
140
593
619
428
122
451
369
654
593
196
649
220
369
495
632
598
387
611
360
857
974
111
574
523
104
661
609
517
569
21
414
270
999
73
782
465
15
5
592
602
97
223
374
157
645
93
46
262
575
862
807
177
200
611
553
277
733
611
812
769
895
35
801
607
418
687
492
170
227
372
921
504
306
291
546
356
643
235
940
256
516
45
67
605
319
902
984
434
60
241
51
376
789
17
615
462
963
883
22
629
364
711
841
839
688
365
608
741
400
795
725
990
946
258
630
923
124
24
417
454
406
895
443
971
971
267
471
23
204
614
