6528
31406
60770
45772
25088
19112
83817
8882
13534
77114
70027
65595
37661
23001
34436
67849
16236
45253
80583
56972
54617
2204
18339
80260
66024
98674
67399
62777
20776
34277
43
67395
10659
35194
98422
92694
67462
93584
13892
11851
30494
1350
51325
60255
62645
4715
45678
47836
72674
59817
13595
18394
99645
98915
84995
6993
32028
52453
70239
52695
70897
37622
23753
96288
52238
79649
78785
38817
81774
79374
72871
59446
4546
13447
65808
28174
36313
96561
53904
27892
74297
37066
10012
63590
52119
48330
68743
4862
65782
29879
52191
96209
10399
11547
70556
90020
5700
47500
97569
38919
67877
59953
34851
77854
46790
85378
71788
27484
75491
78141
98410
38006
76898
5373
12243
77272
8995
91623
95295
26494
66338
88507
49422
48797
81827
70095
5127
24921
10927
34355
95756
7827
71631
3918
86034
11547
8419
37566
78501
97258
65989
83850
82614
24622
66979
46823
61708
26737
85758
29187
11744
66421
25989
5424
85191
26778
53204
23243
92670
17875
42032
43470
55618
45547
89724
23662
87149
64842
53094
54379
76629
51915
4927
64241
3848
33471
63115
49308
64050
63780
19228
24681
66490
94955
46240
72487
69927
85084
73670
95178
11370
45488
12832
22406
85412
71360
70581
50148
85625
1553
61545
47493
55462
44238
13146
44287
29157
61862
74765
66849
46680
92464
5104
3730
60529
33783
14696
81574
39923
38291
50513
31260
51127
6183
64677
88333
62417
18534
51671
66856
84076
81192
12648
94818
27967
59873
14145
53885
2586
51810
85360
41028
71262
62243
30424
87220
14464
62102
89125
43649
53106
6608
42771
51508
8330
88412
82623
85699
40079
70921
19603
23072
13712
32517
93902
43427
50879
20905
79169
98032
62926
7196
76332
73687
70379
18237
34714
19828
58821
75451
84755
85948
97631
32533
41897
58222
74690
78487
4930
89753
7967
95792
50496
39341
96066
2137
23044
69264
92214
16828
47647
16722
64781
42392
18825
76095
55032
9357
64115
18968
31796
79365
76771
62740
45790
28961
4214
6043
23258
74491
58864
89038
83145
47642
52396
24594
38996
6553
98296
77490
20002
59089
53429
96878
29246
86619
55923
78898
14081
64031
14920
50741
17923
14449
71853
45159
40759
6655
23621
48014
26380
94523
3793
71577
27791
86408
20034
86483
1723
38836
3247
21680
63467
76614
58402
84755
23842
44449
91875
68241
25105
49141
93324
26064
2000
36657
62651
50098
75660
39988
26524
62539
17504
67906
19676
53124
62157
63331
77869
58357
59861
71226
14340
49065
95367
46862
35666
67454
80273
78546
38424
47292
33911
9563
66329
49868
12690
93411
83366
46155
91854
37405
927
85419
14876
94426
35343
52171
24507
82725
10231
43372
57068
56593
50676
57054
84960
41713
58460
67355
83397
57089
12623
21947
95569
87783
99693
74781
81587
35884
51385
3121
56059
96848
6266
23022
23314
93099
37523
87809
44911
97339
71889
58047
70493
6686
69131
94850
67869
81872
97079
67200
6430
26967
17619
18376
26762
84581
875
2599
50719
26208
92323
37649
72450
87952
50910
5152
17828
26994
5373
39172
23108
50662
90085
31354
69060
33151
38733
81836
15631
16598
92517
6998
65253
5604
86397
31932
44800
93703
58962
87546
57315
87012
39891
2176
96063
5647
10387
21278
44208
91301
59833
87868
51049
45951
19205
69194
54334
19090
46784
99723
16535
67394
43257
68076
5262
20984
6945
58868
10898
2981
42651
25119
53657
29671
49049
73001
39576
33765
96210
23665
57106
88120
60800
84801
8433
57912
98161
16758
24061
32514
48092
75447
81080
67881
14969
77775
86235
12115
23178
82604
24893
67845
54115
99305
30773
8392
44355
26126
3773
23160
64614
55274
4123
82391
11241
5053
96232
41054
64920
32500
69004
94291
76139
79376
34757
79561
32310
59856
49328
90549
76840
94613
84733
18022
14997
95802
7744
15498
93821
52668
7721
33063
73680
62836
88785
73656
10956
41036
42223
23699
47787
21074
34477
14643
97396
17018
50637
9632
60800
57779
24713
58530
6890
46529
78588
40889
54125
27033
3820
39737
10292
7263
70572
13545
99081
18262
54935
39029
59756
79327
68640
48105
2717
16857
18685
88793
15324
74460
91574
42483
33822
2063
67041
72542
60182
30061
17792
23674
93571
24266
79823
10135
72759
6901
95379
92733
68107
7420
29373
43750
82696
85550
87139
47043
73669
35247
49787
75093
95702
55093
38687
8491
38129
43451
15587
72306
61805
79738
81301
36448
39285
68098
33831
84720
74565
1712
41859
77401
80065
59286
79260
55464
6601
59402
18846
32995
12800
7466
67907
23779
54515
88956
67943
39172
28665
14074
4932
22024
42046
8079
23879
99087
70280
63111
51194
90890
83723
22562
4225
76776
57694
50453
7657
66902
82530
61970
60102
82495
56833
3584
52179
40201
32336
81116
82724
32569
53526
77390
20832
70651
4085
66101
84123
41933
35144
11342
79760
44224
78991
16581
47794
46009
91105
35137
79091
46663
48141
74705
69694
8017
24958
90000
20701
53023
90124
78348
50468
95347
45622
11774
26598
28502
7120
98692
5771
85757
58652
15878
89060
31839
27721
72574
91444
39303
11512
77146
78728
61363
50263
59014
52643
79914
86849
80410
67207
86447
27152
15430
97368
48219
884
4157
55407
13953
13986
67347
15242
76770
60208
20293
56122
33929
18239
26227
77826
14369
11144
1137
62520
96832
70545
6540
13581
16710
533
89524
88325
60367
99803
28631
25190
85618
21009
72169
9406
49421
83878
44454
8454
3489
15426
7725
30784
10199
62774
72256
20774
29886
67981
1777
96905
67067
50043
6877
1906
94250
25412
2555
84174
60122
98218
58762
67246
62968
14610
71349
95972
68059
33352
8100
54011
90337
85688
77467
15679
35415
27925
1291
32798
9834
49968
98159
70255
98711
90874
24525
40907
80763
96114
97658
3787
63911
99261
10920
99822
67250
49451
61805
13664
42700
75353
18934
48000
67674
68357
74940
32259
70970
96342
89281
39728
90168
25003
53635
62988
42010
71807
52132
44976
52616
33484
33655
92169
91287
41188
22519
6941
15336
2519
42421
44111
71387
45826
11845
25472
98236
66322
19141
22873
48329
69494
2996
4686
49223
96018
51838
17435
38208
50360
15949
38232
32483
47161
7682
61460
67772
84153
70320
58279
96642
19385
18104
4317
41240
92080
4878
89345
40196
34873
81619
56543
88023
72718
32250
48484
1677
96519
37164
63945
38555
39091
76697
23637
69449
8675
95598
48619
22506
5869
82052
62612
75089
61653
4476
62766
98548
74891
50382
43079
35211
49588
29572
83436
92672
73542
71600
40431
73076
35963
2742
58811
72285
78250
33517
96996
56786
6712
61064
96482
37189
20005
92237
54973
94048
8345
89018
52343
53286
27165
37100
16985
34335
35531
6025
60077
45363
34445
61413
83978
41388
57694
61649
89559
73880
54152
15968
92676
98512
67549
92263
93791
91836
88375
91757
26658
5221
38886
59838
4301
72909
96488
78022
38076
61528
70314
15456
947
16402
27102
99126
96957
42224
82645
41463
27691
43810
65010
90302
42372
33942
57413
50967
39000
77337
25989
43892
86520
45708
66863
15153
40178
6295
12688
20560
78622
84363
1210
23061
90314
96868
29563
83764
67004
79383
4944
34192
54733
55607
65277
21904
67403
68380
1570
44843
28231
93561
16701
25331
61555
98182
79935
13140
44842
29636
46849
45078
94810
39841
46951
73505
93181
92886
88929
87448
14131
89048
49506
97555
14755
41328
31205
97273
73007
99110
74714
3053
42183
42236
88066
81656
39584
85132
34095
47250
19754
39900
96167
35887
6063
61315
83107
69419
26976
8416
59881
87326
10577
41814
66016
29376
52309
76206
55990
45074
36322
76073
88195
9587
47621
96913
66342
79547
18830
90319
71824
83846
75452
28772
65727
53868
32350
75460
9035
90790
41787
11026
56706
55706
72918
79048
57176
70806
29672
76398
74998
7154
15263
57385
58018
97780
12687
42809
47111
16441
68046
48648
46479
47679
39652
30375
61145
81676
44954
50164
2557
15171
11972
23041
78505
52166
5099
15334
45871
17450
3810
60252
39465
91761
22778
19262
97493
29774
78754
13124
82172
27137
56659
49470
27014
8018
78027
90317
2244
32904
11162
72189
35135
16808
1050
19820
33687
28188
95399
36851
16759
94753
40927
62021
88244
53505
93981
71646
9777
40543
2106
70383
30487
38187
30034
33853
73598
85205
70008
45092
89970
77027
69108
65003
46028
41054
2841
89733
10802
32160
56837
69300
79724
69145
21181
10046
54310
56326
84090
79670
61594
68403
83447
43815
74893
8862
55095
6146
34351
48125
33865
20973
35469
3898
24539
9011
13512
76440
81600
80153
94050
33242
38570
21978
71630
96182
93472
26374
49490
33989
77023
91931
39195
29347
59872
80219
30811
65705
58182
12351
32231
3234
88079
37110
64992
9094
69348
234
81150
33637
9514
4869
81449
50979
93611
79712
40197
36412
58237
55448
92710
96698
43108
14801
78145
12961
8028
56311
76618
65560
99110
37336
69982
42660
54406
72723
88340
2723
25442
95015
1833
76041
12712
59166
86859
69725
59873
44657
27842
92793
34969
92208
99995
17169
11744
74030
98275
76104
4694
80473
71559
47414
4913
51157
83406
8321
90592
84181
77317
51455
87974
38930
97495
55190
45516
80199
23066
49398
67778
6771
56391
27852
14810
51873
77053
40651
32302
47391
78803
50168
90075
17038
76932
61178
13011
38918
11752
28068
94077
70670
49000
76460
97796
19366
67716
20046
63043
68211
93400
88902
5629
20096
35806
47686
5086
95346
34769
34426
59249
23425
74028
30950
2794
71208
87560
48091
49503
34114
59336
63627
26774
40893
73914
8552
70696
29903
40768
87745
20393
10982
24799
30584
57901
78746
39820
48374
75503
781
27252
21735
35414
42716
94124
37261
38087
51955
83869
68290
48860
60593
85292
78139
76119
35373
221
12765
27584
11700
7554
64750
96813
46790
36119
77045
94002
3310
98306
98795
39359
69111
72192
97980
43113
74628
45874
51533
95487
46006
96051
62059
27672
61062
53689
7552
78036
32116
92863
36660
71572
71986
72358
48524
13106
87848
5180
79938
46646
76916
32600
9127
66207
16317
3499
80363
56811
29104
75759
10578
90846
39362
91995
62151
71841
44041
89224
77288
40086
88189
86896
71209
73801
90114
46417
13234
66504
21828
41909
53390
9819
12888
953
3254
85386
39997
43357
58178
30829
10343
37029
342
19402
71479
38901
84229
8303
84825
57069
53283
79934
95471
53448
28165
67411
36185
5358
83307
11895
61146
73686
83884
44288
55759
78183
60541
19395
94360
12411
58944
70934
1235
34507
42461
32909
46011
453
20002
84028
37994
4853
68400
71601
46808
23239
33186
94403
39041
99573
5749
57207
58694
38845
22897
90253
5844
23433
43684
85561
78832
88828
73065
71611
21936
37148
35890
49729
51578
54881
98179
91947
55480
89122
29852
57090
99672
19217
46289
81994
56766
47634
8234
23195
9188
47686
33435
53152
87331
86295
38712
7721
43347
1731
92255
41015
33778
1646
15178
18837
83025
72575
53069
70239
64626
86628
30448
8069
54693
5888
87026
93159
44188
34717
28545
10204
65302
44723
46818
37724
82346
66218
52970
23873
51153
38042
72829
50365
65315
72612
47991
3676
8995
16324
88638
1526
56992
92466
66182
83322
32553
42144
9520
76226
34315
90104
78024
94628
19808
80665
96444
10215
41608
92266
37692
60867
37210
15326
93376
1733
65225
57723
20218
66540
61857
58336
26484
67548
1069
82089
78001
38410
64309
57677
37724
56483
83317
4162
79414
1988
93584
32004
99564
40269
47263
18009
9241
57989
35786
81811
9350
43910
6727
98109
96568
97185
89322
82431
92450
47572
35322
34112
80881
28522
28889
60003
78022
16566
37697
46546
12396
54955
53112
53230
74215
24119
88165
21630
91277
82609
74428
68248
20432
30035
58334
55846
33014
19436
6347
84955
66172
65231
17361
76124
97136
84676
3790
53662
35120
15140
66243
47132
60020
37335
97727
45058
11066
74435
5637
15211
77586
44662
98141
69315
60709
66440
81788
39719
38451
41550
85443
5320
86480
66623
69242
51625
80972
17244
64175
3465
92880
94680
99364
68616
59859
23934
97521
60559
33390
35439
73240
72448
74555
70874
85337
72906
19438
96205
68568
50117
36355
88592
61518
13086
63127
41982
70275
53525
26299
44663
8559
27944
64614
62856
33288
70615
35572
44933
15467
18742
8713
89158
5231
21019
61291
47079
81215
54880
22249
81028
21408
27059
57840
23411
64297
12026
87044
92683
59077
68694
99289
36283
12637
50398
77434
98992
11378
17580
71936
59684
26830
76897
70235
5484
75068
31252
24361
29808
82063
86064
71636
23584
68475
80346
3598
66594
23586
47457
12004
74439
88525
97162
40767
34772
86767
75742
91418
22992
58938
31609
75120
97865
78191
88777
78152
30383
68052
19748
54965
16175
7849
91256
50930
21598
92748
13230
26590
14975
71508
53210
48778
83508
34208
62151
3200
44498
62614
56623
64608
88970
45407
61568
64897
14596
22103
91286
12820
24536
67750
95764
63012
52
36751
60894
3157
25988
32138
14412
48551
30929
75548
85453
48724
75453
30150
57294
79414
36976
3717
59657
65794
44845
81396
14882
93490
35346
34012
29273
45658
9040
25019
26623
97902
4068
19577
35361
40045
83988
6660
10019
22058
33505
27610
33245
73777
9992
84626
25227
85370
56010
88373
37930
78202
12476
90590
83616
98781
86954
88570
51426
94248
71069
32990
66224
26614
48028
6819
62450
53848
39204
29338
61170
34442
83208
90199
58097
80885
23980
8433
53621
62979
48473
38195
71133
93382
67829
79303
32974
80917
91493
34593
82001
64139
42022
86607
44121
85075
31536
10311
12845
59994
68328
59392
89963
64339
67672
92484
50354
2718
83300
66632
1435
7376
87683
63738
78923
15575
95265
95043
39654
1140
61642
12506
60135
22413
15546
51879
49161
86032
8307
97833
30653
76715
9402
55695
74270
45475
27540
2023
99506
7487
56308
13897
78040
4428
19987
90854
9918
63334
85154
36932
59190
75521
28793
19386
88065
53034
8046
29260
96335
94193
26459
22657
4150
9016
76410
49029
47618
34519
10080
87765
91721
47811
18296
14650
805
7482
96331
34932
11926
49780
99494
13015
58411
68647
43971
33640
1770
45076
61723
78534
54375
96885
81518
22731
82745
42199
25134
60186
81667
80113
22082
99483
96098
15587
41701
57326
80849
35678
50564
42699
38244
96700
84404
51641
84249
24538
19006
25498
51517
27310
50507
33528
59393
80803
18015
12504
57037
43720
77012
98791
67663
87567
11878
12070
46265
35663
2077
6499
46458
56064
34749
77241
46682
20070
22147
7233
58230
3319
81247
70105
72581
48184
32248
264
72321
79422
2460
9766
41091
2143
23732
44380
59117
93224
73621
44483
45932
47749
90113
8512
89229
96049
46272
55775
67443
31504
66791
56614
86901
40300
79210
20002
64646
24203
60758
50261
14739
96139
4909
87443
77970
76343
63321
9341
1807
37485
2478
4013
51144
72181
87082
25541
41135
53732
50782
56642
72626
90247
10463
76022
95411
49069
90867
17475
79929
17532
98006
96171
34039
79806
36939
7817
35909
1287
12112
47756
41042
11852
11839
29064
82858
19953
56429
70917
4024
8680
71647
74623
54869
93855
13961
39340
94742
62477
44123
32025
36443
95022
14633
62786
49886
24330
16034
44716
96059
67819
40487
81839
19491
56002
28077
72966
41717
11436
62243
99219
63141
56374
17378
57621
99092
62355
65219
13337
2628
17793
1717
59220
4436
26513
60485
68470
48761
58902
35563
16012
7903
76023
79666
18678
90880
51407
20668
54452
44286
32856
87750
12356
11428
38640
89185
1132
86098
65377
62239
72814
74568
9105
40601
53627
86428
2358
23566
32142
27370
75438
44527
51749
74192
71130
88037
96466
71152
4375
23628
25502
67835
73379
66178
38832
65053
49269
59045
80572
2361
30270
69619
56151
1650
47591
57218
59643
38967
21740
38896
91180
13732
90302
9716
89630
18214
90242
88057
10465
73497
14300
79210
16338
66841
30255
99510
87096
88761
20413
31951
1215
73578
22455
38401
84054
26567
94665
68327
94623
63826
30240
33223
13787
21911
54155
63868
55389
37998
33113
5644
27849
8610
74667
10203
97385
16546
76656
41231
69586
23508
88387
72443
45429
66953
59277
47225
90292
19301
14941
59336
58574
23633
71624
66190
6521
30502
76283
10772
83879
87659
51491
34515
65436
29163
1833
2035
52062
95896
91481
37885
77612
27705
18603
20498
88233
7934
29334
1093
25387
46395
98659
10179
66945
14741
71334
69018
963
43679
30980
85590
13235
39371
83515
7724
36692
41155
92766
80668
71812
83517
24377
13591
90257
32145
6040
18167
11339
74
8972
61834
14218
36386
20901
84527
45716
49597
25476
79989
69130
74649
54350
89211
30990
41182
45966
50000
72099
47953
36172
6630
76682
40069
85232
31521
12276
76571
94713
62970
33241
72396
48172
11178
78275
43382
57855
39319
44374
22263
59731
37904
94717
37649
32297
73016
89333
78061
20382
80864
58148
94779
70377
99810
4172
74475
47917
72593
18336
19967
20007
89716
55357
11947
1238
604
84134
48016
15453
90248
43023
62748
84349
70669
31739
11352
28306
76374
65391
37744
16858
63649
43258
5158
728
18477
11453
45514
62180
86104
19673
93320
10481
97122
55867
67680
87626
9911
14830
1872
93197
8136
10385
51136
99593
47050
1848
35262
68974
95677
11637
10677
98175
45902
47057
60639
51687
98036
22307
77390
22060
80316
36793
3551
10903
91777
11614
30597
12843
71902
75368
12535
55520
46154
55765
89189
75434
90846
53263
59893
31592
55398
36338
34159
43342
52754
27745
99581
67373
72660
96562
44559
98556
35549
60077
73116
70499
58885
4168
53804
59131
15529
71633
94781
70373
81733
61399
81709
27045
39030
66172
8105
60626
51196
89497
69301
88141
50991
94610
44627
12236
15352
46946
84405
36604
44566
44296
37754
56829
26746
18467
89694
27307
81774
31058
63957
90064
28343
25951
70303
55149
86387
72852
65245
65314
34803
90677
63171
79939
10930
97569
44388
51303
53046
44210
33321
38705
32069
86785
41267
54567
48172
8326
93497
41965
32422
49498
49225
46289
88321
58489
88014
69598
52
97818
77909
17059
40813
75823
40973
54209
11526
48910
36778
98846
14039
97544
62007
19651
48501
85299
5052
73248
58965
85656
61961
14015
69148
73380
94646
70277
56592
5720
80303
68708
10979
17206
75538
78939
74884
16903
317
6420
24205
39552
77462
95151
69535
24081
86685
20160
70216
70779
84319
45230
27367
73772
44261
89408
46445
26589
84390
89114
46102
46882
60483
71999
68919
64865
8562
11748
12874
44345
65888
99802
92400
37719
75419
47393
81770
81403
8007
79618
654
37427
42705
28610
50544
42648
61755
10142
58653
84092
1911
17530
51599
22788
40636
42049
21930
71802
36295
44868
57169
22699
48173
84187
71855
61223
89855
60660
52434
98776
79665
48729
3001
47875
69401
49655
67480
17555
97560
55146
43359
95410
99206
33354
39058
10893
20397
77648
39484
49007
94182
47586
21534
80441
15904
21300
32147
6598
2754
15847
78365
71333
7998
40163
36694
85399
41007
85459
24977
26275
18303
77482
24067
8586
4759
49517
57493
83273
65947
23709
69858
89885
49594
6333
85015
97834
13753
27000
46599
93884
72518
62845
68478
11093
90407
44143
92550
35373
94340
37911
14752
14826
99652
67867
43374
85748
99561
22554
27249
65830
36596
14836
97834
89068
75990
38952
72918
1086
55592
50373
57159
27884
63818
62670
99212
68711
79754
10745
21619
34799
66735
4230
58079
30166
88631
37554
2422
62121
78658
37038
50731
52366
21935
75542
76094
36235
49122
31317
69304
16655
34771
85890
24630
6535
33629
32638
25756
78059
12931
26748
78221
292
85706
20177
24437
62822
94968
43898
58397
10169
69918
5502
68854
64859
47669
3056
67114
88904
96192
7307
18228
35943
65205
29084
25660
62601
89300
47357
45290
65018
8324
76309
5523
18495
17881
21729
19327
28873
71778
45378
8168
50499
99268
32210
97079
33416
76924
56441
86668
44832
4748
97742
68229
68393
45512
47259
88132
99824
43992
76769
70057
11529
58735
49527
81234
7123
53562
49917
7345
63533
36859
49987
10795
39601
53239
20744
75478
62375
97291
41133
27565
7858
36334
82056
31052
52408
43647
65584
86664
35038
36958
52952
51744
40159
77456
32492
62828
8553
64218
42284
55299
59440
22901
49406
7572
68446
60264
75371
88134
9742
1873
20830
64928
31048
44022
12265
86702
93336
18692
19308
87999
53532
38387
35490
89197
94172
18549
69138
87333
52319
88301
5927
10405
58996
12034
56057
91299
58779
22353
60126
3205
77623
67579
38720
46276
19913
25145
30142
83843
70549
79068
64686
8345
43015
70816
49091
33088
91434
70910
92906
30450
53918
15898
7088
90803
48374
16653
44462
32234
42536
36466
70707
49826
44748
31408
67082
46612
42264
1536
97305
43760
96153
97702
45335
21021
34681
18205
46557
42133
45803
88425
29825
82826
17025
39063
43283
93162
92184
47768
14334
5915
75776
73659
84769
80777
22064
47679
75733
28582
45826
41418
11448
12101
4572
79517
75548
65013
43979
64982
62507
99197
44632
26356
17187
97682
91441
18790
51265
88436
17692
62094
64337
91422
73590
8079
71541
45485
17509
58834
81803
27967
29349
79350
404
33514
74655
98351
40512
24167
69669
67671
96776
85540
23164
22220
79069
72691
6125
62091
31874
77010
68787
72054
85711
88078
29755
39242
73446
51693
5763
4055
75823
28411
35959
56605
72554
17937
51352
62018
71506
31046
97384
57962
20349
11839
64156
15310
20392
57305
58245
30677
60428
87648
35078
60953
51388
11472
13922
89036
64564
24369
75390
95432
43120
83910
48202
34543
99170
80594
22005
48422
44803
44378
18264
70799
22830
60058
57339
94691
62927
56324
16
66256
43074
10965
17643
1508
40195
44383
79130
58342
88158
89995
20113
96759
22578
15861
54486
69948
74632
96407
56970
41043
93155
55846
42632
7780
50339
70792
99100
69451
93142
45653
63611
76786
45011
11496
7626
75801
29242
3319
98897
12331
20103
6617
19878
80578
31679
14524
20901
28121
56880
91335
4919
41866
3479
87817
30289
40440
34865
13972
34343
85297
21432
42331
94476
97207
34418
61097
28579
6474
31610
86304
96957
19871
4818
54950
9869
81145
90306
41090
99206
17109
44501
89724
61775
61411
82893
83963
12910
72662
88295
91680
62950
42800
12270
62770
83118
41642
67622
9283
82803
46313
90015
84352
72897
25678
53654
57455
42929
14053
31364
93836
4311
99960
85461
25196
26128
89317
26318
1929
96429
78731
95420
85842
96122
83451
74485
51541
43090
45262
40660
79882
95755
59396
70573
99670
72671
60829
74186
54347
27971
17649
64013
54171
28258
66986
43200
46851
33574
16208
14568
66771
19685
47126
77425
11498
979
7549
39973
77829
90692
31113
27633
65736
28396
73975
88307
4583
9466
92529
50009
73641
1317
5565
5303
79928
22289
98495
83785
44475
73001
34126
96135
75417
51677
52223
79324
67759
35727
52385
85416
88817
69926
28570
2992
78396
58413
69286
98242
83556
72965
16166
1111
33817
44719
52772
98169
73140
46522
95161
67463
11727
18973
55176
30023
82032
2779
64602
63728
59377
91293
11345
68891
44017
17900
9842
93384
66570
17431
58710
41537
91245
86778
82372
24814
13644
352
6211
72774
70894
3450
83049
73257
84257
92535
17737
25822
37146
89091
1384
60899
3668
86701
93001
37425
75596
79281
38146
70224
28231
43848
55814
21465
20385
63733
90931
20364
39482
83526
85108
8008
4515
55825
92733
47070
20873
15609
83999
3121
29480
20181
29517
28558
20336
98467
69099
79999
99391
71568
76055
39177
44902
52134
89524
97462
48437
58275
36315
67261
19688
31666
19564
27038
73996
46515
72659
86521
80238
7385
82640
329
3497
67274
62237
56242
83706
5411
77773
36984
33297
3874
37905
44503
99611
20384
2578
1178
88666
52324
35300
53651
97774
52006
60250
51034
14067
26074
22658
11162
59546
23486
83799
34151
53469
11328
55023
39567
55211
19411
55998
80054
47757
42816
59876
22419
14568
69804
14971
78979
46633
14227
33113
38631
84914
54820
93054
43633
24936
3666
18368
22864
29110
47136
3625
68761
44532
1658
32734
28913
94591
14075
22624
49700
70895
45612
6795
87835
68704
39883
38909
58072
92130
40009
9556
1064
49291
87941
75566
89234
79707
37200
9785
44587
78327
96586
59573
27504
53939
91286
85198
28578
41847
35737
85944
71896
25094
18780
84915
37682
68470
47887
98272
20891
94319
37633
69801
79714
20553
7476
1570
30949
61644
33146
84602
96958
55344
14816
19243
82351
54333
32649
24742
34687
9571
57953
32370
3318
80847
54125
85460
69552
18232
83096
27632
17424
22949
94375
49194
69847
4119
64218
25492
31370
42852
49179
83166
7620
8973
93789
30808
79195
62247
1909
20663
7938
78331
18765
56668
17217
68066
93748
43222
93875
58614
47535
46900
33563
48165
85474
52377
12878
2844
5100
22662
44853
70642
26293
57261
17440
86739
2725
11548
837
70076
88253
86906
19216
55922
72964
70971
73088
20066
21409
25123
10151
34320
86355
10189
39133
80239
67220
1247
89807
4472
76275
79372
89740
15508
50126
51987
92343
57271
27237
89943
3764
5692
83332
73809
79267
19944
2937
39436
40385
28807
94468
57875
41945
35804
98885
34632
7701
21982
68858
64227
95583
15434
96663
73086
27017
75646
55300
14484
27550
12779
7157
90978
85773
98830
13749
96619
84273
66989
44547
86211
1211
2551
85710
19422
87883
13761
68853
11097
13583
69983
25668
43210
408
77796
4879
94687
35687
93098
65518
25914
14141
49817
40516
56349
19768
22306
89083
75903
58550
56269
26607
80762
29459
23578
57815
51498
74667
72251
24527
71854
62201
78423
33789
78441
58691
87100
19165
10030
35257
17626
63016
37953
13345
70225
85934
45576
10541
442
33170
52070
64294
13558
26524
8919
93339
84835
40907
6895
85862
98656
6038
92562
47364
78014
42761
47091
70602
41255
47133
86711
86330
4427
8999
75562
50536
30672
87200
14444
1238
5461
10837
84020
70143
19510
7860
2092
53605
49303
31718
17055
90042
88155
13441
28215
48280
45277
22342
17785
79323
87711
35515
3014
23461
21454
86168
47852
81381
62931
32142
68701
29627
79945
49031
4505
3400
15200
93837
62049
15161
47193
48181
83243
88639
28886
34433
40501
19862
31860
38160
53746
45503
68270
76261
52360
74632
54814
98874
80748
45202
65115
14865
88012
16937
31640
33927
20495
9482
79168
17114
76217
81878
29761
59493
80223
42160
74418
38580
40173
23865
33054
1192
61885
3111
90683
31195
40391
14085
48051
56198
327
15336
49115
33246
14808
43452
11969
32455
69622
95357
98070
49304
56242
75766
20372
16435
43466
97115
24840
79106
20140
92006
32503
30474
19511
10735
1180
96729
63163
88669
2807
92297
58717
30979
8428
2165
33866
63278
69140
36992
24717
23233
70719
97363
50733
39761
83278
66758
97903
34838
93974
60663
53138
82141
70966
87464
65828
27575
46505
30437
27287
61983
93895
11157
79348
85202
67857
39342
5318
57007
49062
44453
36288
38561
9363
20832
81250
78841
86113
10335
13234
95365
95533
99238
9057
94955
96854
35496
36281
3809
37060
20100
99605
13292
21197
36245
25424
19337
74444
42044
17955
78579
51540
11408
8023
86832
94095
26154
34847
92118
77909
8538
7314
94904
55380
84210
85999
58352
50675
93274
8225
75503
82877
67824
73885
75146
41536
30178
68020
21461
49312
38071
17196
91650
78630
75475
44098
76242
59960
39526
3910
88079
45827
73300
4991
85018
87858
28963
3848
52226
37900
17132
1908
83635
55388
76496
79283
64936
76392
51445
38312
89786
92075
80059
79292
17100
48393
30028
43856
42081
96859
15255
41645
35843
72139
40792
19262
67939
5947
53542
12245
56027
41228
77272
40908
22763
56777
72387
4787
71373
68697
92688
51329
92453
55077
26735
91320
87079
17567
77580
74278
52344
63400
81827
98163
11601
62019
51797
80378
32012
79915
36327
73263
8341
46787
52961
29940
77437
72009
40357
23242
66738
8032
47728
47696
52496
79312
97973
66872
97625
55699
17271
83168
76419
38798
52115
97817
96125
65416
9045
42403
97302
20761
93707
5238
76889
75101
25270
38472
47524
22236
69684
20911
37360
24191
67491
34738
25786
94727
64450
70839
42260
65929
93311
59996
4829
91788
14884
37449
52389
37515
10621
15194
75591
13550
42928
91442
69450
72228
56555
29637
5418
28093
88693
5667
5566
5134
8286
69456
54612
34291
59545
73246
31978
43000
40926
22441
57035
88984
63444
68042
6968
41611
7510
72446
61154
9343
77764
60562
66015
5572
68859
61575
61490
31082
99061
56217
10573
76468
29839
85853
32556
52666
53886
14255
56386
49351
49342
39918
42279
62258
35221
52927
67242
90787
34944
37757
48134
18134
26419
70074
87645
48260
72194
77666
337
77456
17905
53481
45641
84546
11683
28786
55742
26432
92079
94148
80112
1580
1813
81863
48087
93571
39491
1991
11488
32878
23081
5525
66545
21164
23461
52093
18726
38223
73634
26554
66572
11373
3537
49299
15631
59268
80001
56936
69736
9373
16108
73128
28801
93195
43813
33089
30256
15655
44201
90198
95445
98335
56417
56378
37910
26968
76365
30404
46970
43113
26531
73395
8180
77111
11377
40487
86065
19960
80878
60382
35717
47422
65271
47371
25679
78886
99512
43971
96804
45906
35757
84883
12886
80390
74338
17524
39673
65710
65143
59255
94913
75981
8964
33378
66338
75164
93702
87912
32250
37592
7389
48736
50989
17410
53317
45842
81076
14077
39377
51070
5025
84921
52699
61598
22296
15428
40477
97843
8006
47016
22859
81491
55984
18265
55893
39596
51385
36250
45017
95084
73351
79163
62694
77017
46964
82136
28339
60959
92152
96982
52046
83394
25122
86501
36239
54344
19955
79378
33914
90612
49190
75413
80088
12814
29417
531
39688
63199
50077
11960
35851
28998
7376
30638
84049
32083
14832
11047
37906
90833
90424
41808
874
76571
5262
83667
27092
14996
25560
24048
33228
29289
11418
71186
65922
79811
20189
88812
74291
41985
68720
54048
66358
21961
63261
21742
27600
40863
50384
95767
21400
28615
12503
27256
35078
19599
60917
32323
58545
84700
32998
71669
52656
29179
68294
77293
52717
45493
95570
87502
35380
24613
37869
56770
45717
65769
84005
96562
69679
77276
90313
43006
71006
65663
41981
13157
98105
78911
41536
91811
83918
52115
63306
4771
19172
69899
50111
35501
59907
16041
16166
73828
29955
17696
85251
28028
52240
27703
63563
28307
65609
15094
37134
454
22130
73725
33930
75769
89428
61306
21364
80327
50131
98120
58780
21837
33398
75976
39096
86718
83604
95473
92500
55455
41429
25929
57794
2958
72709
30735
36612
80100
70061
92589
11421
37152
51146
6996
29468
59612
40384
78482
75115
17205
85429
75968
26208
41959
26700
18666
19993
22497
66044
26724
41516
20652
96759
25780
53455
20821
83026
97534
39490
31333
38516
59464
87259
49620
59930
1817
84349
42466
87321
82221
59851
49136
90742
94328
13004
47440
37019
75200
36740
77949
94296
92703
41332
89569
98541
20187
23978
26422
15534
80723
22395
46538
8795
93149
65869
34943
74577
99990
78445
35945
10088
77169
86349
65607
39372
83834
46658
45725
96538
59272
22971
79004
15721
53209
70254
1232
68518
20955
78346
78637
55630
70966
89288
89883
82693
85289
18189
11055
45733
62099
69863
62055
24482
41117
44305
14722
75451
37624
19227
45756
84583
73630
57005
66208
53999
25927
69737
7118
16504
40300
79110
95531
79618
56979
40226
39206
72616
96291
98722
35602
44167
16035
36399
18455
40756
64139
69440
35775
95857
26879
5320
34892
27504
86861
13638
87999
93404
9353
14283
19281
96959
81927
59997
65399
44224
90210
34765
65797
92079
35479
34301
53351
82742
12176
96710
20734
36862
92888
22274
56443
45760
20933
98158
67519
19062
11188
5672
11038
14869
77939
81805
10024
40000
16362
42672
73217
19232
98717
93198
19239
39793
31055
39083
15119
88110
35370
65849
6766
50850
92918
63023
48886
15925
86113
33462
18229
27849
81816
50422
44216
26508
61702
88836
29393
58518
54311
5485
16037
42453
96883
20813
46961
84730
56621
14976
26987
92931
91948
75401
38332
40859
32515
97632
90559
93388
44444
60132
49319
74663
39534
98532
52394
94009
85936
34149
12766
83786
31774
5978
81063
41112
83820
93991
59648
32608
49206
68071
72445
76137
88128
76767
4772
979
66815
76577
13024
55173
83497
51363
86752
5910
6924
19522
52380
55124
97490
65979
81662
50067
92329
53028
62879
6906
41624
44479
97328
66718
22598
18179
76807
99617
96664
80168
71787
20379
94439
22383
84823
56084
20329
20178
73708
89069
73373
18332
79218
47492
99406
44914
87186
58086
75864
99767
83661
90931
7910
8693
5502
27173
34139
14653
4137
81292
43412
46128
27762
81147
1890
65153
95327
65084
96534
21090
95045
37856
5592
83828
60164
34324
77814
96051
25747
55907
52464
80552
40312
13404
86620
28467
7175
64754
8162
71856
16517
21220
85636
16777
11419
39923
93831
50700
17686
38137
59695
5395
92558
46991
29374
44142
35686
97155
30927
36619
27907
21726
97036
33488
99059
78101
52840
79397
64412
35679
33603
47128
85176
62742
85023
66759
25021
55915
88602
98421
74786
48511
43647
55870
38991
10129
18613
61712
17934
51360
90924
20388
74894
26150
46971
41739
88868
47912
15287
13641
8481
30664
29783
52035
97659
55371
8554
75533
97825
84901
35644
18694
85820
46535
95317
49048
86317
83138
81538
89938
10465
82776
25272
22388
86712
37698
41442
47830
41978
62024
67449
72130
25618
79503
30328
95501
59913
37670
27491
8192
3249
9799
74204
54960
34715
22830
16510
18739
7709
99674
58846
31553
36868
17861
10448
41848
11175
81077
23664
6477
90144
28255
12493
86000
5317
41855
48198
65983
57199
74782
72916
92892
89933
11016
87150
53157
69603
694
5989
75727
46933
9281
46391
70306
35051
52982
43777
2089
89094
73169
6080
37897
23329
91130
92302
65332
82847
61270
7991
28756
27789
60337
20086
63445
27308
21600
91135
2323
34290
59838
98397
45420
56278
6700
56151
81702
58632
29051
89033
97871
77297
5193
77958
53572
78030
37690
83128
81147
80022
1801
82092
9190
70593
98001
40062
32375
65454
78115
53773
87623
38857
21983
65733
85488
52194
11472
90949
84134
80060
3042
39652
65432
3839
40496
15814
15590
67160
78579
28421
85756
51055
19040
50998
37572
45151
25666
45685
11107
5141
95796
35055
38010
98235
26504
22054
60023
38947
46086
77127
87779
46490
80468
64220
37161
30327
21172
71472
44929
95316
8845
31932
32038
93805
50338
60389
13763
1055
19977
43736
52728
63345
52242
35712
29857
84084
94076
75912
63964
53705
70160
65638
165
2593
23883
11649
40710
91675
62870
20940
61733
3953
97883
50801
32751
40611
81579
46446
30307
28483
27663
88716
91993
22937
74106
81141
85688
46185
87058
19675
57719
6925
60129
35203
34094
54247
33574
73776
324
31489
40745
69236
19709
45495
81226
68607
71964
4913
80888
43608
8891
30875
99795
51328
81357
43333
39489
86935
82934
86382
60160
45732
66375
62716
15116
10067
4674
6054
13404
36714
79881
9599
77543
74145
34178
97671
12029
60276
91326
68370
14591
99493
62586
33092
55191
36456
91052
36573
97528
65323
92120
97652
28731
7129
24569
35243
99839
99611
41132
67441
74929
55876
18885
47818
57009
54708
12948
717
84937
18085
34528
90020
48455
11507
47993
57030
3814
15418
77272
11331
55292
71507
83068
82191
37233
6555
2652
12432
78615
12482
77226
17919
2211
29218
14580
51640
95168
51213
34916
76513
2407
36714
89495
7457
66457
22905
27314
85714
99570
70365
40180
3020
17094
63958
21450
40958
28806
5487
25374
59236
70396
53954
55091
88812
28465
82109
58170
38685
48952
66118
6970
51236
69574
37769
42760
92409
3322
55107
51451
22701
2085
91184
63152
190
59454
22510
4991
52039
1145
7302
34297
65664
38567
12734
14703
82408
22808
42954
57008
18919
63489
97628
10750
79287
67872
71773
27821
98962
40040
54000
2947
32561
76950
4396
72526
66981
98818
97775
54234
7124
31998
52207
51281
23418
27841
32835
46618
39357
87693
36041
49546
81031
81020
92783
29509
29456
21997
25081
22323
90893
15012
79216
22945
26385
72877
86832
44578
32714
96926
34327
38657
76532
69679
22748
77439
70134
40267
87778
5267
52065
91370
27968
35526
55227
60251
88366
52602
68817
24630
87919
61930
28252
66552
85286
96629
59013
3784
37733
95503
95852
76393
72451
96253
65952
42521
31850
15508
27484
59838
14850
93606
90339
20622
15464
74398
41620
85010
54510
48269
48650
56674
73768
93132
62219
29446
47761
41195
42035
50555
85251
74820
26865
97051
19007
73294
43217
14385
34753
371
83605
14785
81088
65255
15876
93313
10382
55428
69732
87871
26802
83913
22904
82862
78225
96216
8585
63806
80649
36003
29250
49929
34550
1293
27991
16961
17816
18090
76254
45480
41356
25235
58367
82378
75897
24325
74900
13160
70490
34701
51293
57885
50095
20251
38451
68706
30704
32179
77613
79989
14679
73679
71808
14299
38395
81515
93266
73861
11277
44654
87889
94344
51454
64232
86730
5005
30215
28450
34684
3410
52000
94897
41137
49213
10552
48980
87720
93610
27643
6423
54182
95412
78511
7413
8714
41650
29592
19772
30511
2595
75316
61405
20926
41984
66095
98029
68484
89212
80068
87092
46988
92385
15780
1890
64102
98322
75054
51790
61351
84368
87389
77023
87763
72128
22501
46023
52174
35387
66612
37727
18277
12617
87710
77077
60095
33853
15791
46548
89504
92146
42674
52765
49773
86310
14298
15830
8518
26414
58648
89000
46850
74566
7635
2163
71560
72392
46121
51871
64322
92960
65234
38517
92366
62182
93320
95021
12539
93806
96399
69699
33964
27567
9809
91399
49643
23241
99502
85492
98528
26855
77732
94150
90919
93383
96055
38031
87459
21446
85861
99845
51698
83498
12707
66356
43560
72701
21449
67399
78676
38279
63893
47407
12781
21270
57418
849
79765
36337
90673
41611
57231
20038
89569
15702
59081
61431
41513
65439
79022
33907
4999
14340
33378
12988
17896
11024
11011
70879
87018
9882
94979
54565
87687
38032
4328
27945
58075
29381
57554
86516
40451
81105
14427
78911
89771
22050
24219
65759
64501
72340
3724
85900
41721
95252
49369
58311
11986
65328
93555
89407
46780
51800
15797
53521
75274
32431
31666
53417
65390
43009
68104
68272
73717
9100
16120
42914
97656
64308
73530
88282
33367
67806
8395
16479
56041
71496
89243
30889
52119
62185
56715
70514
86451
35349
49599
21265
16230
41101
56604
66177
67774
54129
86710
91276
3758
69885
34272
58651
46133
47971
2474
11030
54708
34566
37353
36569
92868
70358
62007
81795
11257
88844
76407
29971
3823
12742
9510
31364
40151
52795
38866
83476
19118
49763
28077
61243
70624
64182
63572
6318
94531
91453
33802
69387
61865
49679
50292
10032
14455
64274
20331
10718
15646
76793
33880
26856
95301
37358
58329
75252
45635
67493
61005
16896
32743
68942
89347
60305
64939
79097
87878
27409
60011
9695
82694
49796
56772
20277
13158
64025
19162
1660
24236
4105
53355
63594
12862
89730
74656
32450
18466
65001
18926
84282
44916
91331
44927
83990
99832
23897
53320
1189
67716
66107
1687
39469
19925
8055
27273
73485
61671
75116
43953
98785
1528
94874
58217
23588
98409
54124
36455
30336
87102
82418
68240
10134
66147
94323
21095
89910
2483
14331
4776
64701
51594
84071
75139
54453
5584
23543
70644
61943
65309
55067
12604
91195
49653
3042
26143
72496
48027
70395
19986
33586
35900
23018
84493
83311
75117
67149
7007
14122
2127
40930
31589
56376
68850
78630
25038
10102
68919
33941
43177
1802
25847
85062
1953
47147
13207
87691
88949
5384
95261
189
44852
54481
26855
88439
89073
71475
38016
28681
72237
55630
71874
61644
79684
34663
16945
78608
23825
64284
30894
47023
89074
60217
2892
13891
45069
97813
38861
29818
78886
48513
16302
93167
18485
1041
54113
31680
51344
19822
33417
41062
56344
25992
56896
581
67053
14930
20050
4581
26462
99830
46720
90930
29493
77543
84833
74314
54960
49636
64746
7701
23756
38854
60478
50755
92920
16727
27598
45297
23082
53910
78686
54303
20634
54765
87073
21309
73438
39098
56821
42242
12281
92357
62730
49413
93381
87096
950
42203
45543
68780
46534
90137
9278
18908
35988
29625
66621
75689
54582
16538
8286
31316
62573
1104
3159
78472
71537
35625
13259
71465
98026
18159
6441
94413
55920
62157
88159
46166
17200
43256
31960
22916
80355
86855
77365
11957
28235
21317
1036
85034
87109
1083
87506
92755
74850
82520
67109
79468
73542
37655
24245
94551
65641
11037
7137
59510
68063
71819
59862
31061
25585
89510
65997
33435
71160
76440
55964
80324
14081
65101
50359
64038
69693
2344
361
24764
79140
17518
3327
66621
30082
13159
97377
95087
27986
60894
7221
70736
66198
77262
93844
17480
3413
90509
76053
70856
19250
23446
63330
92113
7094
3545
7336
21468
77191
33596
99586
33519
71760
67318
44546
85534
31747
87724
47148
17833
20493
946
99968
72028
6709
59729
1607
32826
19575
7755
30364
13165
39304
79264
20795
69486
51063
98995
90599
78538
54605
20876
79908
57715
28109
2269
97951
25325
19001
92981
12789
79930
2784
72645
6909
14983
85370
6785
21709
95930
36298
94027
45172
97787
27773
22811
17983
54567
19161
8661
26913
74772
71632
60197
94297
67621
50214
28374
27290
39010
39430
69640
32664
45138
28131
36881
83271
61979
58519
88083
52181
37618
1470
93227
89739
47229
93571
88273
45249
47208
94328
74279
16455
45526
6015
84710
71191
66922
43856
7474
55167
39061
72352
62811
31813
58761
84835
73948
8505
13311
54085
89526
83641
51962
29090
20579
48172
91673
80016
54201
67699
49121
34419
11761
16313
80638
33934
14286
11602
80870
56577
10768
2365
45114
44449
81622
72168
98580
73497
15312
81247
11605
83802
83444
17737
95606
78822
98890
31879
92208
78042
78923
32663
43818
62604
96685
66756
29647
52890
43309
57685
23991
40868
29154
51729
85545
4828
54029
11629
39458
23298
58740
83256
87294
36179
85400
88700
16519
5756
75614
79263
33380
62343
19033
86761
74003
34021
64125
98488
7105
34552
15271
56487
56357
71166
59463
31915
47843
8793
37509
61440
2151
12981
68245
78770
12656
89271
42612
24540
52566
24089
54097
79945
12234
27256
72491
49790
34739
80514
50924
5354
82711
54316
32413
90334
56569
47266
94597
21856
48917
45725
97935
34960
22841
74316
85102
95643
30870
12777
50209
76241
90388
53317
62145
27017
71563
39412
40804
41321
55683
2775
50328
54552
40350
10323
84382
62563
8314
86186
64972
71865
32445
33242
48715
14237
37611
69758
10159
97206
39552
72247
28927
60417
32910
44768
95524
66114
37306
38385
9950
76288
15521
5899
53025
92722
94618
31182
32911
85679
73323
20606
9855
84930
81982
90178
42240
48378
69479
37105
87834
67407
10638
26091
16005
33821
33676
23025
31931
11020
75026
94545
24030
91665
36797
22278
18344
2585
61897
58827
41970
82058
28689
34380
97284
74502
59563
69806
69418
61872
86402
29079
4836
64735
85450
19097
94495
8412
23712
89659
46852
49088
38088
53910
49763
41986
8484
15581
82583
80309
14183
18795
18870
78121
94106
43271
50328
21800
62053
41174
60804
14527
30211
96164
62266
75989
8694
21782
13231
60289
47615
90517
40175
22052
40499
22483
55947
5289
44430
70802
63887
7301
63920
44024
64264
20617
92238
7480
84339
9927
67497
35014
2112
92858
6633
89244
16118
99467
96512
49219
63274
91713
82839
28146
21630
35548
1562
33017
55921
74438
56820
16279
10528
44192
4362
86609
30208
19757
60159
15497
58883
18566
8253
36466
86263
1100
36759
49189
65749
17437
67057
50360
4022
12987
94735
99922
72716
23987
64988
45572
66217
62796
69836
75421
9537
582
13606
23673
38908
11773
16942
37832
4199
24134
94921
56698
7533
24361
27995
33452
95050
5034
23195
55961
67524
63163
17923
20515
62425
25218
79175
28466
71536
10178
16262
48505
24870
29323
6044
45915
16331
67908
83329
40295
75212
74144
52513
32648
37589
31451
2418
12743
92545
54298
82972
51415
60912
17129
30785
65589
53468
78149
17625
841
74182
59897
61607
98860
14603
74452
99234
97292
96966
8959
36384
13639
3909
71741
33729
78153
271
2713
67629
3740
84562
762
81879
23669
14566
14880
5937
8768
90705
91439
53036
77564
57943
22157
34553
21344
2683
10738
61027
15877
44573
36221
1035
20088
31959
24306
60351
63370
7240
24307
40638
31207
70463
78838
94396
11166
85543
11117
82760
27784
28467
35201
80159
94615
31252
76714
56702
86696
29945
90610
6520
22882
50525
78012
61862
53494
86928
71378
51635
23079
55000
96507
63429
55467
19305
67344
68754
46684
56101
5998
61705
78671
62114
62094
11664
34581
42377
9063
79871
22059
23914
44062
86038
97091
83986
87186
63967
58080
45279
10880
21261
53728
2997
6302
23021
3540
35309
32790
11890
76045
27144
26215
8944
36375
42074
72321
76763
89028
18412
61699
11890
77257
94476
7891
93059
30628
98764
48724
66520
96232
5669
36651
36970
54863
86863
73404
59435
15077
33669
94322
46188
72825
11429
57764
73316
4150
95657
78357
20759
44706
69489
2835
11513
18638
21340
35436
31240
39376
87521
25563
91661
37209
1594
97120
1478
25551
98567
60213
241
51337
88268
48290
620
81045
82334
84174
37126
57034
63233
87824
53207
1667
6531
10842
60315
50359
76685
62837
23111
34682
36982
82964
36141
74710
92466
83447
44535
42792
91881
42177
83398
702
63964
66667
42715
93351
8468
25990
97238
23968
54957
23027
7411
594
59088
24683
35546
61798
9809
25367
2111
12791
44272
51220
16792
97873
29635
14851
59387
18513
49988
83227
89931
88290
42083
64003
54342
12015
38283
43918
52783
10441
30118
68860
40873
63572
10063
94726
30809
71601
41281
97420
54743
13286
87649
62665
28828
17295
71815
62195
46449
55919
57073
91365
59674
2558
66008
54586
1158
36458
23750
42734
97743
12523
9018
78488
70057
48049
66147
52730
70361
78648
84875
62381
42297
85798
74303
87856
8523
43047
45803
9593
72821
84512
36939
21280
56281
2343
49670
95538
40807
59332
321
22280
73576
97081
62708
83977
50794
41877
57982
8350
85977
560
68503
58420
91819
78456
17939
61139
87165
60325
12452
20336
51609
81729
17105
7000
67435
41589
26934
67861
15068
3531
59899
83898
8855
40313
97405
22674
11799
22919
91943
77803
91900
88031
90729
74390
72314
6930
76070
64992
51360
46376
40589
55919
15496
82964
99444
38285
46585
1614
22322
72312
69767
16539
24115
23616
41541
4776
75420
91002
44254
89332
57386
84185
62676
18666
19400
13199
83189
32383
4686
46117
94038
33740
73814
34837
87932
13739
1651
85219
96662
20679
77550
59092
44045
52345
73426
72856
37472
41259
55831
68697
83570
18046
73601
54419
96467
75081
89207
79984
91099
41373
96491
7106
94872
24638
70210
72562
94463
46572
18777
44866
87266
20365
34101
49123
44425
40637
31161
3518
26106
47874
70013
28350
42946
58245
14305
7270
66315
67362
71588
19334
16957
91888
55658
59427
26132
4780
50191
58901
3419
25924
42789
56058
8583
60169
35574
77566
79553
42868
72007
68645
71774
67697
29451
20920
65485
44708
68711
64952
71802
4109
34377
90353
37600
61943
50923
89047
69885
62063
4279
6492
82213
22143
15423
50511
52617
4203
68836
72201
99256
11075
47739
10101
32141
33451
37559
13086
85445
30051
82463
57684
83415
57317
53078
87911
60
58587
3872
96228
31860
93015
97878
37628
89249
90766
68288
57600
58118
63582
60895
12771
18227
35381
93504
51147
93926
31127
69331
60345
19573
19082
88944
46727
12786
27262
62395
34432
98050
72803
58982
21862
70946
95002
21444
56554
19500
5483
88685
49974
26388
71645
29756
50746
18838
3600
76939
53549
95799
80692
51110
64081
7546
42652
57290
77875
9921
94531
80327
46140
60066
94612
694
72394
36072
82359
56949
26548
31854
61530
92263
44616
4575
39856
3120
79694
58219
41430
98996
8491
71509
37157
25563
3888
68573
94426
78737
98040
12542
11367
31044
55611
2343
16483
73178
40894
73791
9474
72619
18563
39320
68701
20771
59560
6023
40526
11122
12817
64058
20739
17645
70118
80169
80404
67520
37924
7765
83813
53573
67431
40962
61092
68914
85475
32887
82292
63501
84880
91507
46218
11858
83631
33355
85427
96674
36584
3727
37780
58053
83835
77886
84114
96335
92423
37958
14164
16400
93750
37811
7269
44889
47641
67487
99831
65863
38839
39451
47430
70835
69024
15125
14611
46690
71726
74354
38151
83074
12979
11231
60279
74692
60113
76728
16439
86039
93685
53915
28333
32653
2573
24640
83045
42572
34317
6445
87966
25372
55249
57781
65239
40706
87461
87412
85695
80021
300
22410
22205
93950
36408
13801
32493
81074
50559
81159
62728
52142
13920
82089
63357
73693
49857
59288
16580
27542
84046
89440
2050
82291
14642
50061
16488
92005
59825
34923
26968
92060
84764
18772
55901
68633
64078
17053
80644
25516
33310
22927
42521
22590
66685
72959
26835
78224
49185
95669
31663
16289
17589
29422
40044
92232
92294
48903
1036
22824
11608
87639
79204
93239
73134
42482
56491
41323
94374
78090
78997
37771
33561
61851
51367
22209
15021
79499
43657
27496
10816
26054
65793
28542
66418
94034
32778
13724
41121
33255
82035
98253
84736
61369
53345
23839
81108
84642
24601
18243
52074
70574
85788
53941
45337
11634
83313
75821
65124
51299
8533
33066
64035
83437
23611
6600
15031
81041
75049
11218
39821
38760
55673
26196
92471
21706
38678
39566
41471
67527
12907
35881
2942
1522
76232
53261
82674
78133
16704
81044
50706
15195
13570
5928
66118
92091
16742
29028
97873
97441
48732
82441
45268
61746
52321
89778
38314
52465
77792
9767
1188
942
5407
82034
6108
24215
75212
56205
95965
77793
33313
69588
11134
30650
36609
10978
5083
72112
60917
13934
93633
14539
80457
78631
88160
41197
90578
22312
84810
18350
16663
43329
24214
67519
16391
60633
67371
76078
93090
52357
85451
84609
17451
3875
72993
80850
59301
14515
59574
19314
20212
82674
57254
11745
3018
23333
13286
44124
76700
69224
28490
48360
93028
75304
56069
31912
79610
68746
99893
2578
53920
79697
285
94609
44962
21094
63112
11353
13577
22153
15749
25714
34225
34973
86288
74991
50537
92062
32006
74170
69213
16653
26454
50487
21900
25199
86775
93360
20632
99383
97694
92956
81099
99476
5890
57941
88539
2560
734
47945
14305
57018
31684
10913
3464
36894
98587
38381
40086
89151
18521
23962
7150
33037
17293
8859
6641
5388
57740
85658
84129
55895
33419
24316
84750
25498
74020
7382
97242
32531
7990
95554
46747
61553
50617
91127
84686
57651
92860
15666
11051
97756
16816
58398
57030
55132
87640
75613
63803
47054
53273
87075
36946
57814
54208
42162
90986
40585
23429
88926
48696
7570
23105
49816
74827
88027
81627
63966
30851
7934
67120
44097
24185
70671
20570
26998
97802
4925
72631
33833
65130
97536
75317
68394
35174
61682
42770
10539
4491
48570
21963
59582
6701
10448
84322
23850
16037
98070
92621
13922
89798
23532
74386
27593
58510
10245
70777
16179
30086
12762
7706
68173
68697
46823
3847
36173
58629
25207
91962
13343
48311
77609
81633
77793
23888
45228
44525
44156
80821
6497
30860
50303
14402
3330
20841
569
33032
19545
60182
77238
66068
64919
27366
1798
81638
61532
91862
93679
28565
38489
85481
63306
17610
30974
85206
16742
64343
39264
44347
88849
23637
58615
64142
49492
80900
10677
30912
59898
31664
97915
11359
58132
87784
97018
20759
69857
63834
60493
3734
14991
62377
18632
80341
63796
83375
3511
86435
48695
9202
66827
96065
67322
66048
82202
37289
7613
79909
48709
81878
95081
11107
34137
14807
17097
35254
87014
14151
36084
71966
63524
41991
53432
39825
29642
58217
80987
27133
19000
52955
87417
71508
24110
86
96000
55620
68192
57745
34728
79161
6011
62288
48691
40985
76
78825
84765
18456
1830
76846
6697
16037
12926
83471
78057
41254
56047
86185
82072
3228
65304
62207
7884
18977
80919
93090
47985
64232
70916
55034
50118
25059
60247
83841
71866
81704
6013
96526
16750
10553
44327
93197
78782
51853
95980
49515
61969
54402
40121
76461
20153
64078
88996
49614
36169
80975
64267
61166
5077
13405
13649
84164
97232
91117
96641
82072
34356
1194
62647
27126
20325
97364
83608
98536
46482
31995
94820
32958
95182
22611
66740
16333
48160
32074
10842
99714
76679
12794
2914
4347
41905
96415
97534
41029
38914
74059
3474
79351
3883
17344
48385
78734
21656
39355
45573
25336
87637
31373
26391
81078
67543
35858
98466
63149
1918
6449
37371
52977
2158
81402
41214
47778
41381
97040
35192
94289
66691
38963
79432
43963
61151
24530
56274
56041
70145
2472
2128
89350
24497
96520
93678
41985
4370
6040
91680
87162
49164
77233
93729
32999
76387
54301
83368
58309
72580
72650
85148
83906
21481
88527
78465
62802
62669
42021
99235
13441
19213
14507
78838
42243
56929
83646
48382
27278
48599
66465
37182
77409
1586
22853
65385
87354
56299
56984
97874
48451
22511
99125
28505
54504
64011
69085
12807
36846
52448
11505
73040
73000
60028
95976
4659
77234
31184
41278
98856
51247
15899
89403
36847
40856
74889
28037
64824
79229
75601
33646
23760
24729
41436
58353
22056
53961
2279
82443
34091
14402
46301
83485
21114
85624
67854
28905
28484
68497
70964
39802
56012
35361
76126
74833
42308
39416
49771
30154
5113
57833
78063
37054
12550
46870
41184
7552
63996
44779
59984
58096
35840
7193
22224
81147
66128
35214
38030
60738
42220
91790
56696
71683
34665
3959
56786
65516
28466
36744
83845
70907
82007
99138
35835
64312
62164
7143
33700
43558
40061
48690
85214
33579
56087
93338
93529
36534
79372
36062
57941
32672
71115
11408
54342
7820
37086
21936
13417
46153
70286
98772
79504
33584
86745
3529
62459
54767
53039
28505
86294
18045
34514
17028
80740
24963
46767
75367
44606
66505
12718
73359
73416
4682
38948
87886
72495
92452
80336
46866
95193
51036
49432
1295
73416
25900
36003
48439
76021
84935
57038
68932
2603
93723
76355
13437
28115
87982
86606
3445
69691
37752
32571
68047
37410
51536
88032
16888
67305
35457
79022
56499
34098
81999
43776
78401
88801
10951
48492
76964
6630
97111
44026
80632
57327
5438
21740
75270
77842
44471
49317
73882
62361
47557
18509
77780
69431
41203
31288
55915
92662
61674
21088
60292
26720
77309
37751
15987
1737
17451
47119
16617
92310
90409
65749
31766
68716
74219
28429
6599
54145
89144
44574
95844
93509
59883
79867
21936
10981
58013
9046
74974
59472
57450
71136
33473
9314
94406
95528
15892
68733
59303
40001
20576
67693
81828
26301
6696
11103
11015
40874
14251
94804
53432
3082
4300
57580
66611
56874
66281
30708
11053
61513
18944
95206
88497
73747
5516
83704
83316
42587
26252
40421
98059
29331
81850
89589
90071
70539
62297
13278
35512
2822
79710
67600
32517
13126
66639
91916
37011
80793
11012
68038
88418
70545
72060
45214
22393
1024
34476
37685
40478
2007
78968
13113
29963
79204
26538
80803
7050
11522
23009
99485
46188
50553
19639
33012
32045
33861
14177
42130
67629
19262
395
68611
39038
38522
82259
85990
61871
70804
1346
82465
21156
52716
90903
89771
94513
4784
56695
18102
27440
84969
75468
49083
69667
62341
60380
27227
64501
23974
40751
74004
81906
97490
73807
72401
12136
30349
20799
68104
77132
75597
39866
47521
97412
65151
6839
30391
30003
66459
12086
12129
3775
15766
10686
67850
49681
60691
99264
42102
14341
91916
80378
92532
83911
54810
56635
18376
46340
80543
25334
64807
63987
48098
14818
96112
59279
95429
69953
36333
65965
25854
97596
19649
55333
43925
94228
86978
19860
99547
4021
23494
37344
61479
66561
44870
51065
85971
66565
6375
51433
41901
46356
22137
53680
95503
18759
68550
47056
80633
42544
99310
41826
95853
39076
70626
50357
94593
56695
97381
87716
75387
80473
41193
86845
54490
67765
45136
42648
86941
1607
6963
20321
58947
85905
64000
94846
22086
69994
44440
25714
69013
96164
43885
74067
14049
4085
44633
42370
17843
11197
6310
66179
65892
45366
93187
48002
28733
93162
7344
33594
53991
89516
70888
65376
2881
96701
31885
65559
82665
90465
13461
33250
10073
51650
95524
87724
1961
47181
96587
26459
89866
21894
94137
71747
518
26000
27052
24977
33591
78419
53071
30305
25828
47032
5495
49704
31118
91770
32425
25840
7628
12405
14916
1856
92922
80503
84513
21725
61575
84328
98040
91532
49959
65096
51722
97792
90109
1727
87687
7531
13177
34522
77443
48677
18776
52402
58477
23177
97918
25422
24826
25642
77975
87407
26226
51813
34842
87785
28812
34316
21020
65809
59714
49021
47396
54044
29916
52305
59588
20155
74319
96640
25170
70211
58541
47303
16675
7916
69178
96899
8272
22789
55353
7841
20603
58583
34835
28116
79253
86497
74930
28785
95356
13311
35777
10651
58888
75972
44781
65660
73175
3993
32777
30112
51222
58611
26056
88257
86055
47048
58624
44686
2286
80325
91374
16267
60139
60791
27272
58972
42669
34257
75395
19882
38208
69788
9666
86116
13510
90850
5878
4435
20352
10588
59655
30891
29835
74604
31961
57296
9641
43153
70327
78361
24415
7986
12531
50567
55372
46914
43714
21507
96479
36908
34589
50139
36625
48581
2737
87673
8538
12163
51255
66835
73711
68393
94971
7297
91670
39159
64891
98494
36597
35365
20643
67472
99352
62106
20449
91804
60454
30557
11744
90179
42494
50970
16816
15970
33272
91281
45777
21162
22264
85644
76607
49401
26397
23616
37773
68299
8686
95108
98337
70834
10432
95828
9703
6416
39088
43429
64803
97494
71940
348
31813
17688
36705
59296
27178
97549
19494
42216
6750
48762
16674
62490
52873
61165
10877
33185
34064
60163
64517
21828
44545
23178
57468
87487
78402
1498
52535
26102
25229
22221
55946
43572
75728
57209
36017
98270
18024
80193
55696
44100
54096
6424
79040
71968
39054
348
61721
14265
28986
22630
48614
76015
99911
44372
19970
92754
66522
42339
81924
25937
10004
69495
91719
38490
43846
92169
4646
31879
1756
79508
57938
44476
77808
77436
54921
30129
41352
79375
49309
4769
39274
79180
64920
80058
7807
34094
81553
88442
9890
19336
53215
75164
95322
72539
62234
88498
46991
77864
62253
10125
82028
83760
14032
73352
9560
9554
95630
6929
73195
65904
8236
32516
83638
70167
13241
12402
81906
58072
9053
13025
65033
37310
12098
79533
36397
55911
67639
59144
5474
55576
58877
70713
38337
58912
31640
45473
69937
46738
99125
81755
70948
61661
78762
37293
60012
24185
49061
63277
50882
41510
93535
47221
42350
63776
61448
84327
11126
32206
91272
98470
75864
79685
34790
53574
93101
46898
14166
97664
28179
3625
81438
84260
26149
46263
56650
54794
16411
31588
378
95566
38020
10595
69087
35464
73067
75821
36128
39650
75524
66167
14037
61078
34093
34415
49744
46
36294
66698
25557
93332
62044
38281
35393
81733
29459
32792
34074
51267
91480
60831
70356
66391
434
26886
62518
91829
74398
18447
14813
99950
76141
71848
4564
66594
17316
17457
23164
48145
2211
10960
6117
69401
2790
93523
27348
14401
64651
84392
49503
66058
6101
28003
65606
77805
2653
11574
54699
79524
39200
89636
80450
13724
19742
56882
95222
69348
12873
20295
29855
78646
53866
57055
86880
10487
41504
66618
61349
10689
1941
20701
38314
74341
20487
82165
91926
51323
91426
95227
26338
69116
92959
31485
28103
98163
61260
87352
25391
70514
93975
23750
87113
13148
98976
68414
38685
5539
65462
95668
31921
36958
7699
84700
22707
49669
63244
55836
66676
13167
20399
56661
86767
39095
25405
19625
60717
3309
51991
88636
18830
40764
85163
83038
36315
49561
14412
74310
7864
51570
95266
15137
27391
16100
92696
54068
54467
7275
9242
7348
49381
98297
95440
37384
8704
6917
77992
32026
64896
53175
70663
95986
21561
76100
24619
4685
31385
54954
83205
63782
86714
68318
91622
10886
87869
58
66662
54446
20941
92299
7845
32691
98973
88839
19701
21161
18858
8508
72769
27078
45895
55075
16644
85921
88098
81059
69593
31289
92708
66444
2801
49408
50277
18097
80479
54181
16372
84117
83838
51961
4047
52020
53082
87541
35528
95842
445
57181
58182
70312
54628
64424
5981
16205
94413
53407
69475
52916
96886
50659
55363
48824
78375
96379
22340
69103
95489
73747
43676
8562
22613
73032
93345
26546
10094
29583
43620
30126
21039
8138
79688
24879
3497
97005
22439
56812
7636
21025
51784
66886
88656
4433
27345
55894
40477
345
8891
1802
83604
60669
5329
30473
89018
13537
36264
73911
75011
56226
18000
95172
67142
18477
67143
47946
25181
87001
42764
74085
94226
3932
43454
78293
86534
20978
57483
94493
49177
30324
45053
14646
76247
93970
96918
32077
47269
34403
30514
44445
13505
37250
99048
21215
27033
77218
17797
38845
85049
15999
84905
13279
24847
76996
64128
18420
11530
71001
37534
83158
30502
66134
37018
30140
63014
56231
98571
46269
91707
89371
61179
98432
79580
73299
83227
42242
16753
47038
12418
65062
28889
97150
22811
94106
51442
99934
56088
82958
530
24174
41319
10735
12615
29903
67640
69220
59553
4719
25449
36010
70006
50477
11487
91139
73569
7470
88493
52395
11093
38384
60961
63052
35423
58556
26160
94939
37883
27922
30691
29810
93112
41593
35612
42372
73518
96393
29754
71783
41967
56026
29328
91776
3967
70709
64947
8015
4960
83564
5035
7792
13767
22299
10586
28512
73015
14261
85439
33597
87159
7526
74168
34887
61246
2452
78227
34875
82881
74058
57198
31454
61764
427
84259
56242
56815
52796
98993
36221
20844
80617
13015
30254
96793
69596
97728
22578
52666
2087
9053
88878
2373
66723
88002
89501
85369
82150
70445
65501
98957
78535
59251
49041
22438
51728
10842
34533
37142
73285
94929
82675
99801
9142
22199
86131
93179
5856
77409
45692
66269
11890
54242
91143
23709
76266
70283
2702
13903
31820
30753
32449
44549
82712
27637
312
75566
22852
55644
29152
20212
38453
99722
28350
29302
18374
15493
39929
28053
12253
9865
80726
69102
4068
55258
95616
35581
95430
52245
46095
47422
9642
90795
69296
50136
74050
98164
96872
436
53122
21650
26951
85951
54845
3338
15213
38168
19611
51070
82876
53884
40353
61999
46562
44299
88263
69924
64105
77450
21843
25777
43726
58410
30588
34597
80565
38301
4705
84840
40618
99066
17468
71767
30046
38127
81172
58831
80776
18554
55586
31789
1958
5000
45645
59956
54082
76529
72520
57930
71791
18397
8270
88817
65334
1875
80453
28068
52492
91917
64221
63351
31505
54529
6158
1393
45007
15072
13333
7032
4204
43831
76634
28391
95651
51852
18953
83751
64824
92095
5180
64089
15908
89814
85201
57654
19300
23331
50996
4562
72033
7093
61841
62306
46745
73492
64291
79844
57174
93063
75761
36983
16001
41646
61410
41150
36603
27097
27188
73659
97847
20136
85837
92894
68542
38852
335
85011
74866
32551
39454
40760
53320
17673
15174
3062
92195
80892
42141
74790
23344
35434
88143
14763
70030
33297
83307
83550
1188
92529
83084
10692
52928
21616
88958
90492
64217
42461
6284
87789
1628
23340
55432
26411
77161
49622
18306
91514
82498
92583
23122
56483
33277
95664
56295
70578
22515
63786
1265
38340
71035
98484
41186
21896
95003
32805
84659
3858
14230
32524
68627
65484
32889
69252
89772
96299
4655
79582
19864
23474
89670
26198
78504
4481
37029
10071
31376
80930
10842
63833
43767
98169
93973
78917
2078
62293
49237
6180
624
76191
94921
59434
18145
40685
86171
31433
4349
14306
9148
27667
99761
22083
11460
86136
10178
2884
95665
56980
35738
29211
37192
27294
68660
42060
49412
85018
40804
57793
58656
60103
54923
25668
34524
6096
66506
42838
66735
80676
88364
42434
75229
51646
25929
91081
57151
6683
13845
70419
22457
91709
6309
70905
50756
30086
10684
42734
80047
97733
6740
3865
18028
69143
23009
66902
17561
48566
70276
27577
46532
27985
3761
78509
