931
39
653
796
706
118
946
404
361
206
670
675
401
572
765
731
779
747
826
426
640
812
901
344
89
26
329
546
676
52
387
115
331
643
325
228
560
671
920
190
361
722
135
765
417
26
644
653
771
406
390
773
648
115
897
968
566
315
787
588
13
231
969
161
704
681
942
355
917
137
455
778
785
2
541
369
671
458
995
59
104
204
253
179
937
339
554
991
98
346
761
600
574
67
365
259
700
98
95
331
701
555
934
984
528
761
40
350
665
299
602
471
151
626
12
386
878
312
427
854
937
484
648
265
635
227
935
762
219
430
252
119
421
686
513
239
869
626
961
859
100
480
664
40
727
969
680
429
944
303
521
147
156
793
534
952
997
990
269
648
70
86
78
995
979
566
765
730
592
101
595
519
160
408
30
111
536
331
883
832
923
563
497
117
110
770
18
927
208
183
135
855
148
413
303
435
683
821
905
80
681
108
68
606
686
99
191
114
225
598
718
152
265
233
552
315
247
567
758
769
406
727
571
393
333
6
470
193
913
116
189
610
22
766
451
638
66
909
360
406
258
812
999
389
234
896
305
646
53
602
582
110
969
834
386
269
570
958
596
799
167
372
32
796
962
248
563
563
248
73
650
952
368
582
795
374
272
363
7
625
177
249
462
530
984
390
441
608
246
789
500
298
770
819
500
446
932
309
472
51
244
984
758
713
131
972
233
799
639
69
57
517
572
445
482
735
979
427
662
122
87
59
415
311
688
987
530
267
490
778
554
936
98
283
570
655
466
444
499
965
900
618
913
696
369
945
348
40
813
456
952
889
226
371
941
942
94
978
512
566
46
638
884
968
201
329
329
134
801
500
882
717
488
229
494
381
485
657
557
582
978
86
341
352
991
823
19
924
734
615
437
474
16
669
918
243
639
593
284
663
228
364
839
335
614
536
669
424
586
299
704
623
863
407
628
803
719
945
424
498
13
743
841
600
121
706
126
964
780
590
83
495
274
504
339
729
339
111
750
551
734
594
971
889
851
384
594
519
506
982
275
712
427
775
413
543
208
192
380
669
101
467
291
533
850
648
192
111
293
842
720
849
768
832
586
787
521
29
91
885
716
622
306
309
364
601
405
946
79
542
615
179
104
422
839
100
723
281
690
539
835
940
625
942
710
47
998
717
220
945
202
322
958
372
846
278
432
64
712
779
428
417
119
64
20
895
647
943
347
450
3
142
666
147
690
930
345
324
116
394
154
604
517
904
121
314
390
25
964
307
376
95
779
312
138
78
807
444
607
325
974
322
954
598
196
245
978
965
658
932
966
626
363
779
641
174
345
255
134
920
404
691
355
816
415
873
195
400
931
261
907
654
769
498
240
62
0
642
289
876
137
756
583
620
127
887
707
303
299
123
65
69
282
479
320
819
48
591
973
376
769
972
153
267
348
734
765
513
612
378
739
868
562
235
742
772
957
922
417
745
162
959
333
935
964
571
122
325
205
931
384
433
514
696
249
186
986
580
514
196
253
454
164
284
725
999
379
363
194
317
567
906
70
744
868
788
827
854
978
331
890
677
287
888
938
932
918
544
913
3
922
308
578
147
152
398
353
295
857
791
827
817
85
252
333
497
429
504
428
528
507
882
539
160
764
474
615
123
478
725
596
344
942
693
258
683
961
562
909
814
726
757
560
410
607
357
165
622
977
82
571
978
640
512
541
725
692
557
986
674
621
865
100
662
520
694
355
603
781
542
808
268
326
79
257
600
666
719
422
585
980
954
144
998
784
508
960
367
661
874
779
945
580
536
59
857
504
155
87
114
342
414
846
542
887
179
295
884
130
500
969
518
43
760
727
592
688
485
74
608
738
470
612
17
140
397
679
742
975
144
785
177
832
728
54
135
374
639
829
432
874
384
964
277
751
27
282
666
749
924
66
996
382
716
360
910
532
625
509
432
634
450
527
856
770
580
489
198
647
291
124
831
829
736
810
152
39
86
903
1
499
507
72
286
281
167
960
40
829
911
645
696
794
844
560
190
714
960
776
317
196
28
675
807
635
909
823
544
763
911
459
424
118
211
278
923
707
930
277
271
962
405
337
39
597
207
611
481
961
684
410
870
37
636
793
674
782
628
231
387
716
729
87
200
900
924
681
214
106
772
864
532
279
723
64
254
686
127
205
869
814
469
839
851
291
699
844
910
700
109
292
522
146
901
6
103
140
311
915
274
42
858
923
60
508
146
35
2
607
105
547
260
218
252
731
298
157
531
426
836
762
761
585
93
680
524
395
778
905
647
62
230
736
463
231
52
44
788
518
306
879
129
357
988
471
972
649
656
222
703
73
819
63
896
233
908
124
908
849
629
894
29
294
479
581
369
620
430
393
646
543
534
405
774
638
756
543
945
438
166
306
350
911
686
319
48
188
664
309
289
162
577
864
721
70
466
578
631
714
44
172
326
925
924
973
630
95
19
261
696
506
518
373
923
789
462
919
421
878
607
893
619
69
76
850
87
304
360
287
761
685
828
165
196
518
214
212
313
628
939
853
791
200
747
185
406
976
211
311
598
563
568
830
855
508
763
297
917
627
122
9
969
668
936
180
237
35
718
578
841
504
554
179
126
345
982
328
313
942
247
204
368
481
750
49
905
195
788
653
567
173
173
526
981
991
307
442
342
691
212
985
55
579
426
676
31
115
597
808
174
298
141
531
359
932
504
394
881
685
893
312
987
661
805
635
326
835
76
851
905
632
676
558
88
668
74
465
820
251
1
710
480
783
81
383
908
377
25
834
376
326
90
996
923
684
266
183
980
178
386
10
303
355
302
584
772
716
875
445
75
791
482
887
123
206
760
915
740
361
563
460
351
943
613
320
7
236
383
671
909
788
339
675
231
788
220
698
820
707
754
85
99
909
775
609
327
570
52
558
446
137
550
27
643
771
347
953
435
468
212
509
22
391
137
787
313
363
336
389
548
490
828
461
524
486
288
342
964
829
780
817
298
295
428
899
574
778
613
956
238
985
332
344
70
115
317
727
871
935
768
346
754
566
71
562
675
569
129
778
754
963
988
716
660
822
121
899
391
927
689
191
888
185
157
376
35
566
470
427
440
840
696
385
122
9
708
474
872
45
585
907
725
732
415
732
277
532
782
931
445
989
37
868
175
764
654
428
806
221
927
267
758
158
58
530
714
199
440
336
216
270
541
511
944
516
948
307
326
337
919
834
442
145
62
502
104
428
239
222
447
369
103
7
303
676
309
453
328
864
226
934
541
146
652
784
221
75
5
19
65
881
764
960
278
599
786
919
665
323
759
762
453
726
973
535
722
65
119
940
82
553
205
122
959
68
524
156
522
743
143
769
172
726
64
517
258
163
315
844
973
44
154
500
552
966
44
177
290
423
625
545
988
514
224
895
298
87
82
287
748
652
100
345
181
442
556
123
828
583
371
537
885
703
225
233
66
163
191
417
13
984
653
832
960
499
257
338
696
163
306
557
77
956
641
588
723
711
6
494
381
11
836
765
800
671
444
692
989
376
414
77
598
156
171
699
617
294
27
293
499
574
16
355
298
254
41
206
937
398
509
373
36
495
48
251
996
169
688
394
404
120
241
622
253
894
776
25
853
653
421
907
55
527
49
340
619
695
955
59
639
886
291
430
32
872
176
728
593
38
836
670
807
384
7
467
801
596
146
902
399
51
442
673
759
788
615
619
665
347
500
670
436
621
974
571
540
505
164
967
801
571
496
418
100
638
935
136
532
607
994
233
541
778
792
260
721
379
747
650
158
688
332
640
724
374
602
194
973
140
368
342
776
103
925
356
503
423
303
982
902
758
862
353
450
372
749
685
911
609
972
367
904
783
384
633
572
352
84
166
734
599
364
189
729
745
918
631
281
329
817
855
663
123
436
257
712
882
748
521
18
19
922
83
534
136
500
379
772
731
163
582
489
629
733
635
493
866
380
997
812
495
895
163
804
64
496
372
439
825
234
137
326
95
7
815
689
630
34
438
416
24
684
990
405
741
973
773
636
785
154
689
866
705
242
636
512
889
369
1
245
797
891
280
499
540
256
824
149
101
322
396
295
80
383
444
949
396
18
728
536
180
185
524
462
459
376
515
833
869
721
767
18
72
851
253
579
12
52
178
652
139
505
588
516
78
506
923
177
397
876
515
409
980
543
100
207
353
531
141
982
558
705
523
622
595
898
1
979
233
483
349
427
169
319
426
903
987
405
628
939
793
321
152
102
38
755
245
912
902
293
943
895
999
159
689
203
280
489
59
83
298
178
261
829
632
347
227
562
650
922
866
73
665
225
343
620
23
142
8
651
247
489
306
27
462
920
450
116
583
710
972
750
415
313
309
851
632
457
789
251
784
575
288
816
23
878
54
78
148
541
264
732
186
485
144
743
795
609
254
534
563
275
543
337
147
393
740
866
985
684
44
791
461
545
245
411
995
960
767
922
825
509
713
487
146
821
540
738
658
370
493
179
804
32
991
307
464
443
244
137
166
110
429
406
752
367
709
655
582
194
483
464
173
590
636
778
119
976
482
439
412
989
271
711
4
485
357
105
538
112
826
7
989
434
941
662
993
997
594
818
397
477
333
710
83
899
780
361
610
17
956
975
32
428
960
949
653
931
805
966
279
369
538
566
316
464
351
445
789
898
482
54
75
165
842
828
15
429
854
212
872
845
185
339
90
267
784
521
990
168
887
918
439
358
185
830
516
799
591
636
314
609
96
938
344
701
306
399
898
970
728
223
964
481
115
620
529
533
607
608
187
676
383
978
654
518
706
365
631
681
174
60
380
300
427
667
145
541
973
295
116
333
597
532
436
166
653
706
104
73
292
702
937
836
196
380
924
317
281
659
885
906
567
880
514
528
394
463
916
408
399
930
635
861
941
589
320
993
968
127
354
981
799
746
582
90
302
685
381
942
298
904
953
364
971
919
836
417
141
603
706
112
10
938
645
458
567
228
2
478
612
414
199
596
974
860
191
350
812
155
285
555
220
226
90
867
140
649
481
21
735
164
166
723
111
750
931
105
879
97
679
403
838
378
123
801
748
122
433
344
591
614
544
643
987
65
109
932
209
377
278
762
549
20
444
775
282
62
705
762
853
774
638
987
484
160
712
9
560
275
899
570
357
613
516
535
970
331
673
89
473
773
211
117
537
361
993
524
453
740
94
770
997
574
628
951
828
523
411
699
872
782
365
358
62
22
190
667
635
640
196
896
776
669
206
765
330
117
339
131
4
218
141
917
939
142
79
479
58
495
618
386
560
293
212
536
542
63
723
245
861
531
931
808
587
673
140
140
550
455
266
819
457
307
80
250
662
782
467
585
60
834
815
194
626
340
182
6
81
362
155
734
983
615
187
698
254
426
30
681
534
790
709
64
773
287
998
773
33
405
7
220
181
404
224
538
684
799
792
429
498
476
441
849
986
651
878
40
688
911
526
172
17
461
122
397
670
83
528
997
953
186
540
327
204
318
58
522
97
738
604
342
64
269
51
596
195
195
284
213
867
632
521
131
818
539
20
307
156
379
21
717
472
390
359
353
800
759
588
890
558
768
672
764
495
856
261
9
277
429
817
511
487
905
818
135
724
143
765
660
810
694
49
628
80
38
328
375
384
724
50
149
204
952
876
757
224
304
95
917
988
782
466
399
292
59
649
290
156
833
880
807
326
908
149
927
651
196
296
42
252
978
342
213
968
213
825
293
287
644
468
105
255
814
12
806
903
796
153
779
676
947
441
224
164
536
26
62
962
757
517
369
316
405
435
666
325
763
615
22
176
301
848
750
20
44
719
153
977
240
393
577
220
669
944
467
420
35
333
981
967
0
556
404
201
355
715
380
111
219
6
900
810
202
276
707
185
699
671
271
258
693
845
43
292
739
800
333
4
417
287
127
444
581
106
825
569
714
256
698
74
272
598
284
333
739
646
914
408
717
225
521
843
246
228
302
178
455
9
926
96
855
838
94
287
67
341
132
958
65
261
625
765
225
881
508
170
228
682
396
2
992
917
414
910
465
845
655
408
291
132
724
285
476
546
678
111
692
479
114
132
29
969
864
961
361
633
132
315
600
138
667
779
613
148
732
337
342
693
238
494
36
2
484
48
901
310
410
557
889
584
615
892
430
269
223
993
87
131
785
767
443
595
488
141
907
439
442
594
907
453
839
135
649
866
409
53
523
861
478
320
427
697
949
201
579
387
35
122
69
254
949
591
470
128
288
421
121
887
853
810
921
434
398
104
39
997
687
915
997
364
720
801
959
479
233
7
457
780
664
719
792
513
195
163
757
386
369
561
394
293
325
397
16
43
908
11
440
458
619
426
68
74
114
85
879
366
819
769
161
614
309
391
900
310
411
313
964
247
937
169
482
159
799
117
79
617
965
772
251
135
295
216
978
663
263
814
853
784
272
607
676
130
664
990
465
5
674
964
739
675
558
769
277
465
436
127
580
478
220
212
605
254
609
724
398
613
665
802
436
269
535
39
315
807
974
186
657
101
479
174
821
788
990
251
712
889
42
71
5
426
961
470
165
370
1
815
630
953
701
485
491
628
725
234
54
744
331
461
487
573
842
793
924
547
323
134
727
391
626
225
394
121
233
228
24
51
314
93
650
79
867
443
746
360
826
905
978
592
421
419
140
548
164
776
61
601
604
912
806
112
515
658
252
71
526
357
242
620
769
966
876
52
978
987
929
417
632
284
288
162
321
125
158
829
781
241
330
522
655
491
422
365
697
12
729
870
143
184
522
778
794
154
343
874
993
354
579
435
670
425
365
829
577
682
142
937
127
323
761
247
659
546
403
334
807
412
810
255
150
326
334
536
778
196
810
448
980
50
418
49
466
263
375
594
187
756
392
991
502
440
26
279
958
113
218
174
856
916
438
385
131
624
330
968
278
635
714
329
991
43
50
648
850
794
160
815
665
191
296
88
224
650
978
657
456
17
269
346
897
625
445
830
394
720
38
365
508
458
348
252
15
954
43
453
165
253
340
545
354
521
780
579
397
700
181
889
590
536
869
643
530
603
8
277
23
502
469
969
961
644
0
69
863
643
813
912
901
368
369
184
968
907
700
42
824
363
76
259
586
715
696
947
80
614
299
833
402
168
706
440
609
432
138
7
635
336
873
166
226
616
683
863
563
962
269
532
54
612
910
263
986
638
566
465
287
898
860
135
796
189
953
175
541
281
238
533
751
972
539
67
136
411
818
200
482
564
578
920
386
130
254
112
366
187
803
747
721
922
242
930
362
943
153
16
442
956
859
760
11
303
170
980
735
867
407
746
857
302
73
930
420
583
447
571
209
925
685
513
179
938
873
2
61
222
273
501
909
125
772
832
667
258
655
205
173
807
834
355
178
291
746
333
536
374
591
229
924
479
911
886
537
476
993
835
107
553
107
694
909
983
531
364
585
150
767
762
241
154
667
550
159
524
853
286
393
622
705
903
754
107
33
704
467
547
644
305
398
837
370
260
790
586
694
907
280
101
957
783
200
604
28
94
501
694
533
911
822
343
766
652
65
184
271
415
664
320
571
171
737
874
297
720
663
169
605
243
104
236
62
787
570
133
814
587
167
383
778
115
384
352
929
721
474
517
809
646
692
908
121
121
616
380
472
325
793
595
435
584
582
523
789
327
594
558
442
728
761
916
508
509
519
453
307
995
4
365
20
549
145
398
280
238
449
720
501
619
616
831
828
9
78
893
410
967
716
488
516
107
117
820
424
112
924
197
782
674
980
599
333
117
46
622
563
491
521
211
296
120
774
421
655
310
860
873
595
680
425
867
638
232
773
447
483
318
497
564
633
813
227
379
804
256
283
565
317
397
942
701
326
729
4
354
688
240
17
790
878
927
178
675
871
554
137
166
307
731
612
656
36
668
79
602
153
187
950
40
671
745
758
51
45
772
307
425
470
927
752
16
762
845
238
912
733
451
426
941
77
335
217
548
642
614
302
960
207
602
230
418
80
264
324
619
916
949
711
818
59
991
800
157
0
541
435
736
495
22
642
610
360
389
148
772
537
0
96
281
0
59
575
30
457
136
134
30
612
217
343
336
981
73
50
329
168
739
794
728
461
601
685
804
242
759
55
595
907
880
4
835
636
850
779
384
934
75
411
592
42
446
37
806
213
206
462
530
501
565
770
919
495
268
789
344
67
763
335
206
896
152
393
523
375
593
983
982
747
609
13
719
733
389
61
476
581
919
600
409
306
312
210
456
133
398
510
68
817
994
828
922
71
695
711
991
945
31
23
750
225
640
311
333
22
639
337
735
129
173
734
110
234
369
859
251
984
902
619
264
356
592
720
65
136
557
381
247
778
674
885
463
165
704
700
594
869
810
37
113
521
328
993
779
184
650
413
77
306
59
181
133
242
883
408
136
15
100
972
540
93
530
246
382
451
924
846
873
553
4
160
956
633
347
510
10
355
179
100
53
207
32
217
212
754
622
222
913
670
802
27
84
526
525
599
745
442
269
228
588
620
917
15
619
441
175
542
167
526
50
493
480
789
49
797
791
517
139
987
233
899
250
515
936
638
722
918
544
875
634
427
235
612
551
624
79
373
679
184
529
770
141
451
368
605
300
212
739
442
832
250
968
91
272
919
224
409
363
362
920
769
297
134
662
737
858
300
907
480
759
894
498
307
775
412
314
795
403
532
348
883
304
941
294
767
345
66
632
255
145
604
188
363
222
289
439
780
309
382
56
454
217
229
890
846
370
224
428
773
209
355
135
68
912
931
671
864
406
621
774
1
14
903
452
706
124
417
686
20
769
156
55
838
965
237
702
854
252
386
289
117
798
294
474
592
893
745
156
159
513
951
970
458
266
125
18
330
360
363
802
960
777
946
331
177
147
789
894
231
647
699
350
300
790
174
853
686
814
662
38
881
387
842
881
248
500
500
752
18
609
404
923
893
580
981
51
140
622
291
50
620
917
454
927
782
849
142
308
741
950
687
374
117
177
883
512
566
445
204
705
213
192
961
945
801
897
348
603
193
409
182
604
312
887
566
340
770
655
347
590
978
745
811
101
398
919
220
4
8
317
83
500
137
215
396
645
291
497
314
128
803
849
795
758
431
948
57
349
851
307
456
728
210
644
733
488
153
152
760
372
717
254
566
193
272
910
925
593
70
81
377
737
887
961
815
638
677
92
210
831
47
527
550
990
180
323
732
417
679
413
335
196
44
638
334
456
949
7
994
706
404
184
563
461
480
123
610
576
783
377
126
395
637
30
472
480
665
613
499
656
575
17
506
348
126
947
417
496
656
254
955
430
222
133
225
640
296
536
196
388
11
520
437
88
301
329
110
537
975
735
863
53
930
772
160
967
493
192
307
830
540
883
972
525
512
540
414
315
503
488
158
813
226
971
405
521
916
562
807
525
532
225
934
740
405
855
966
279
937
188
559
70
199
537
348
701
1
114
69
769
183
506
22
301
732
56
415
571
385
128
182
256
986
82
343
583
886
331
291
345
109
657
581
182
345
285
594
622
312
819
282
214
859
92
145
335
322
307
147
319
632
131
935
328
116
89
888
932
429
349
688
369
462
266
543
236
665
498
254
92
319
987
33
417
66
249
18
929
235
886
78
492
146
277
273
696
312
442
689
452
103
817
853
503
360
258
549
944
822
453
232
101
903
27
999
971
434
957
327
113
798
158
407
885
795
174
496
490
657
222
155
598
89
75
394
986
130
965
488
901
781
996
773
33
513
778
71
35
905
517
817
771
302
982
105
67
718
361
707
468
479
147
997
900
226
258
487
839
18
382
854
799
830
420
7
486
349
808
378
977
323
199
21
864
781
999
547
146
917
66
652
289
573
586
779
218
985
220
592
62
574
936
155
427
455
562
201
128
708
281
573
758
891
454
182
17
121
339
307
851
515
150
367
544
967
74
655
782
372
804
199
556
622
241
381
315
247
526
123
650
126
948
219
864
0
788
747
8
273
624
295
612
74
877
915
696
538
947
269
821
816
89
466
73
819
343
285
186
162
977
116
4
358
812
354
879
402
478
172
451
499
70
547
250
477
356
257
442
124
883
302
649
307
20
469
144
205
305
123
193
542
835
806
689
605
413
297
521
10
688
318
908
859
429
424
179
539
396
51
201
517
853
121
904
785
383
106
931
235
706
475
883
397
365
71
504
813
298
221
564
519
231
830
651
49
159
437
223
558
905
571
715
686
104
561
830
531
131
245
380
814
658
871
98
764
830
903
249
791
899
514
353
307
663
439
866
260
322
74
435
399
173
144
114
409
568
956
143
938
342
933
421
255
289
191
673
646
154
364
271
763
789
24
325
367
155
421
311
395
516
446
485
231
881
4
758
424
882
964
973
668
283
842
27
514
938
19
807
782
877
318
528
198
491
967
517
829
899
535
846
547
983
543
622
666
318
270
399
114
470
317
980
485
59
993
109
276
175
542
115
208
651
137
608
957
889
670
495
610
990
575
454
642
388
460
41
797
117
257
524
83
644
970
85
720
102
182
445
561
34
115
290
397
209
378
899
769
855
921
112
515
460
737
746
648
464
507
99
431
214
157
101
774
39
517
291
186
248
316
211
530
842
24
783
137
362
916
183
296
655
800
417
957
16
32
886
713
325
327
432
428
194
34
772
10
971
569
323
460
118
245
265
312
938
7
400
681
502
7
939
724
8
480
892
541
244
526
434
471
704
448
140
994
11
285
521
831
48
671
169
164
82
748
719
422
11
905
510
156
622
465
188
723
38
279
544
447
529
376
503
61
521
14
458
558
328
86
849
110
872
515
452
216
779
444
847
829
107
281
168
536
21
560
771
492
0
286
305
625
552
476
852
643
581
875
314
383
989
742
737
731
242
76
881
800
893
635
544
186
622
709
628
932
655
789
832
267
90
342
63
876
115
844
839
155
920
30
794
213
406
309
949
196
769
546
526
125
963
693
159
929
787
923
8
254
705
427
917
738
931
110
155
278
431
964
937
415
65
677
226
682
524
886
649
874
826
680
349
465
858
634
703
684
5
814
395
870
279
987
473
768
618
256
789
643
20
831
566
570
656
493
989
930
303
497
100
308
380
800
371
446
118
840
47
163
220
338
594
117
615
502
241
436
527
736
876
100
993
990
410
400
383
274
987
379
765
978
224
726
545
452
63
10
293
860
144
151
88
852
343
938
961
300
207
460
334
133
718
453
162
846
499
158
223
690
748
592
129
170
928
338
123
987
586
437
344
632
670
638
914
347
192
108
214
957
622
460
787
622
444
224
146
883
443
662
821
879
267
13
253
670
639
563
238
336
517
91
386
581
515
404
571
290
857
216
327
148
484
390
763
125
151
713
338
924
708
951
147
122
678
978
765
332
745
860
960
868
19
807
658
473
975
167
755
860
326
403
452
610
610
418
964
333
983
743
13
896
231
294
929
436
339
695
117
994
238
608
775
909
278
437
984
373
277
509
217
578
253
382
315
375
489
800
785
253
16
929
362
626
746
429
692
788
651
197
18
478
906
930
92
323
357
174
24
951
694
363
36
361
380
42
997
911
590
842
909
69
671
466
63
458
147
996
385
605
581
372
872
155
669
664
467
532
381
151
101
659
319
242
237
627
88
600
454
497
857
936
964
433
903
656
645
640
30
509
27
398
304
249
932
99
156
677
959
131
728
214
868
746
299
470
934
366
415
772
941
896
519
155
629
619
273
297
493
875
96
20
540
525
857
281
579
804
461
29
707
103
596
840
255
92
530
373
894
387
690
730
153
772
674
734
373
913
319
941
210
151
47
939
810
770
599
900
189
424
30
761
868
251
142
960
448
948
454
84
144
319
305
293
828
20
928
867
493
249
463
241
706
704
845
471
442
160
80
119
929
49
188
750
443
885
509
985
88
155
169
58
294
59
25
472
957
163
823
484
906
551
932
784
180
605
605
328
804
991
638
277
936
151
628
149
892
964
69
991
97
839
280
669
389
571
171
80
700
203
23
593
451
517
962
846
61
110
391
280
514
324
969
837
95
673
254
872
215
692
534
925
63
647
66
930
955
641
45
294
414
588
538
49
220
501
258
451
775
654
354
616
562
276
341
149
750
257
285
766
496
272
14
659
898
255
355
237
868
137
618
669
347
737
228
367
970
858
984
51
929
46
408
501
48
14
253
97
842
39
354
884
970
979
703
144
311
733
190
637
902
514
385
599
807
686
601
595
808
931
550
788
592
63
345
500
674
236
455
693
300
612
915
888
113
723
298
969
9
862
731
27
977
695
668
829
455
766
541
567
250
343
661
54
258
458
309
498
774
848
492
362
528
879
71
619
121
259
119
210
555
705
752
192
445
304
354
336
536
566
311
300
970
337
588
975
725
687
313
715
313
323
860
686
268
217
227
134
888
685
490
113
408
747
597
189
738
697
206
646
983
213
294
184
225
677
531
593
443
903
379
913
799
581
337
326
590
655
681
15
796
428
399
662
651
34
997
376
543
946
976
406
385
24
155
110
286
585
943
267
708
315
700
210
830
522
744
682
537
300
892
968
634
412
465
867
599
427
50
961
832
971
857
700
179
738
111
93
758
212
398
642
381
941
617
750
418
692
0
514
623
436
160
315
131
33
934
576
518
825
471
12
257
607
171
862
789
166
75
159
524
658
6
632
479
831
490
553
843
219
777
815
815
801
729
951
371
450
671
711
56
34
36
59
920
184
104
223
743
875
962
922
53
290
955
434
992
676
672
26
642
989
942
123
395
3
141
356
992
65
367
126
742
82
143
570
227
252
831
927
540
797
456
860
322
371
467
797
384
10
577
763
12
940
798
809
247
764
61
138
456
529
386
7
856
42
295
659
18
875
862
921
448
442
337
811
646
7
50
388
829
439
902
793
268
869
726
128
12
949
471
532
131
462
198
733
616
616
846
923
562
869
818
627
907
652
144
909
948
774
586
884
109
657
914
142
833
302
410
969
619
787
116
383
672
53
400
906
823
176
641
265
819
11
558
841
67
359
529
216
580
32
832
431
338
150
700
112
193
997
900
346
240
667
614
625
495
951
92
855
946
55
160
147
143
200
303
139
912
777
581
797
74
382
428
485
581
965
178
761
753
994
355
472
138
565
553
463
905
722
230
330
53
882
501
221
957
570
888
183
352
593
865
134
184
102
321
965
717
424
547
732
541
9
678
194
999
465
242
401
391
543
517
862
164
796
746
436
606
979
256
837
424
816
120
715
18
636
619
204
252
11
486
644
766
359
421
637
411
892
432
282
280
59
247
502
827
158
8
236
136
222
470
836
245
499
432
295
624
589
422
14
984
388
647
904
613
264
905
37
353
366
222
156
704
12
627
699
205
807
962
719
86
678
523
438
696
574
204
217
472
614
360
181
233
681
306
971
418
495
977
226
203
477
595
479
280
196
324
916
281
295
860
342
181
542
161
421
519
762
336
226
332
108
351
334
181
509
115
575
928
61
720
307
9
978
309
353
710
488
127
106
766
727
977
644
126
299
180
635
798
65
560
407
42
416
493
165
975
757
535
823
482
924
886
114
900
160
680
358
322
474
713
520
401
519
343
500
93
285
928
5
977
887
603
900
901
627
869
789
165
985
935
1
63
297
757
259
992
738
721
66
51
707
222
193
577
671
626
427
128
832
176
234
889
953
307
13
23
642
121
514
392
944
477
449
500
170
454
838
56
911
657
544
922
978
794
542
461
475
160
953
837
425
959
199
643
69
244
763
985
484
383
984
379
709
212
855
198
280
443
656
259
631
705
844
431
975
2
394
844
567
948
584
871
38
353
793
740
209
338
643
644
30
616
21
895
638
701
780
964
43
330
393
631
625
551
925
181
509
258
821
160
541
364
18
812
622
178
548
590
898
616
792
620
983
31
540
153
260
955
99
636
890
643
901
272
563
199
907
719
627
204
521
256
729
351
762
576
832
64
277
759
980
215
61
531
430
923
293
174
892
269
572
345
248
119
271
985
126
23
475
294
103
642
412
217
918
709
357
807
62
604
100
449
833
496
13
303
767
588
560
780
280
462
311
340
511
822
85
932
42
973
919
961
549
732
369
558
365
381
68
82
268
427
360
473
394
539
630
859
498
630
982
454
498
598
567
154
504
854
493
843
484
721
720
742
746
778
541
704
57
542
256
634
680
721
287
370
805
283
133
392
472
626
438
687
703
966
361
896
584
30
500
455
469
24
314
34
671
244
211
333
159
988
28
157
311
117
760
634
552
45
646
959
845
716
769
508
376
737
229
798
967
135
296
101
753
274
270
903
613
792
337
662
607
247
763
65
703
823
826
944
792
348
252
851
775
53
786
167
693
620
63
846
171
135
495
189
165
769
929
662
613
618
788
832
956
450
829
534
183
310
38
122
355
452
994
367
555
629
77
0
847
424
353
776
908
848
368
867
916
588
510
20
398
539
854
965
514
363
826
890
530
39
630
494
923
608
581
120
668
760
594
146
993
762
782
294
539
912
204
546
959
118
381
472
56
871
446
445
319
67
877
711
678
653
170
440
265
89
847
579
752
174
749
753
827
992
397
876
250
490
726
663
333
794
410
105
682
776
631
963
50
218
619
619
906
926
394
169
881
952
528
417
482
727
414
931
225
131
807
890
85
170
235
573
15
585
163
683
18
288
16
871
133
768
891
187
271
564
722
884
324
131
147
487
272
546
282
733
977
792
296
564
995
458
777
259
343
571
690
458
746
202
772
498
457
433
765
866
783
200
486
92
459
205
843
266
758
661
815
8
425
483
34
911
691
64
131
580
48
13
191
56
523
755
90
737
153
490
997
581
85
482
182
380
112
73
692
643
700
866
686
271
97
418
844
551
364
191
763
432
68
466
374
453
425
793
262
961
156
153
131
859
216
304
752
561
763
911
20
78
354
55
761
346
582
477
87
514
224
920
300
361
855
477
115
466
406
336
452
378
337
274
992
232
922
248
621
210
507
678
502
732
817
329
741
2
49
278
606
705
356
549
799
460
944
197
939
75
110
816
927
178
455
940
99
816
656
247
917
847
824
491
533
821
478
325
569
605
994
364
684
452
555
652
819
951
817
437
167
739
666
142
884
184
872
36
606
637
428
981
565
153
605
603
946
57
853
376
763
189
138
231
955
786
534
39
736
5
754
39
417
139
510
705
806
909
368
279
662
490
40
221
503
125
514
623
683
120
785
238
499
923
151
116
815
912
214
137
964
183
795
163
597
71
782
711
835
944
845
218
781
260
508
888
276
732
180
46
817
505
731
967
67
515
566
464
745
568
41
357
633
330
352
370
77
425
725
110
379
334
528
843
904
735
170
255
647
870
510
312
64
373
375
955
600
307
339
999
923
587
882
479
613
768
313
452
400
538
96
712
729
993
978
838
329
676
276
887
86
703
890
300
251
50
285
504
23
187
152
797
373
247
789
477
145
369
179
198
481
584
244
440
244
758
695
27
247
263
134
369
158
742
77
120
763
313
372
673
282
930
795
287
184
447
219
299
469
728
878
295
393
260
59
839
392
937
371
519
954
834
997
265
292
918
178
915
477
990
886
169
507
485
718
583
864
316
411
664
961
6
22
454
504
466
66
62
674
296
539
546
6
817
100
944
294
914
354
845
802
375
303
97
903
602
508
616
447
5
631
630
280
728
81
386
20
385
986
460
28
935
230
450
102
184
755
542
748
495
640
278
908
653
685
125
396
284
103
450
581
448
780
26
57
533
464
762
42
106
722
85
42
717
352
56
74
527
898
703
944
428
629
588
231
843
766
663
804
187
416
839
665
782
249
32
577
841
981
165
394
44
573
303
583
10
601
729
142
617
535
806
87
898
965
393
413
126
136
456
777
956
424
183
615
898
547
89
723
267
834
282
97
760
324
674
362
304
450
988
215
15
872
675
317
132
881
729
263
974
960
393
352
196
386
173
664
24
260
65
838
587
365
217
455
674
652
193
411
697
51
431
466
370
149
501
516
528
220
646
538
993
952
415
197
890
446
60
489
876
540
332
627
155
655
790
519
854
856
348
146
615
82
0
116
382
199
223
381
450
658
427
0
921
525
445
69
354
524
660
412
164
758
536
221
810
789
521
311
771
259
598
24
859
115
593
223
348
868
771
871
151
188
394
244
987
171
702
706
45
896
615
594
72
763
669
581
56
924
425
934
598
557
182
323
192
169
893
349
78
598
378
932
870
252
55
852
576
253
741
529
250
797
526
612
173
41
338
789
760
238
49
398
567
935
174
358
77
895
500
925
834
948
258
579
347
943
484
557
27
459
667
204
751
827
606
415
194
190
707
225
893
951
956
510
195
915
617
273
151
755
300
373
407
505
364
377
238
923
645
953
299
706
531
88
766
264
893
510
931
781
900
916
547
562
377
752
910
821
679
991
484
411
207
294
833
908
398
676
548
135
76
894
942
866
15
708
659
952
239
935
394
771
858
304
728
567
462
580
331
499
642
908
195
368
528
499
722
61
41
74
871
564
723
539
683
983
974
956
771
993
290
552
810
336
775
420
729
999
878
939
658
698
209
773
560
268
647
500
465
350
239
73
752
932
64
654
326
601
651
795
91
5
995
688
659
7
892
454
96
128
401
141
45
126
788
772
688
678
702
87
11
755
968
48
510
148
726
447
757
375
253
465
138
662
151
642
569
747
378
28
672
199
13
926
607
7
534
402
192
904
39
550
582
638
441
881
287
456
313
443
674
272
144
325
339
640
524
618
457
19
786
303
859
748
740
824
74
705
528
978
343
143
785
963
941
403
67
806
871
964
288
54
578
130
28
762
987
623
166
940
890
775
291
389
732
373
872
119
426
658
466
616
536
538
966
688
18
523
608
848
243
190
304
725
968
873
942
896
250
925
863
865
405
999
11
620
97
913
435
476
559
800
29
417
903
162
606
300
428
41
862
657
139
820
747
280
764
460
7
693
936
380
524
328
226
430
794
28
496
92
17
422
637
170
207
474
800
224
233
29
157
107
280
855
487
282
903
729
732
315
273
107
637
171
629
142
312
350
549
708
181
837
745
523
839
733
17
562
8
154
229
779
201
403
704
896
879
768
211
767
226
329
908
624
937
396
344
663
886
107
868
33
793
775
65
222
346
221
947
448
854
535
68
865
59
124
764
545
439
581
804
405
830
441
715
480
269
704
60
116
547
578
937
687
4
508
987
228
44
44
754
309
314
155
925
845
566
424
368
274
437
73
118
754
856
941
319
891
678
624
195
426
58
985
191
750
120
505
262
73
944
538
609
678
468
106
194
984
627
473
61
21
299
337
765
868
94
733
702
35
136
432
156
329
634
866
104
661
448
265
820
678
832
602
410
135
215
388
952
993
7
94
530
432
408
95
516
603
971
797
417
586
685
695
281
688
376
863
718
952
915
261
305
206
535
650
991
701
194
597
237
108
396
825
506
927
455
466
14
256
216
834
854
178
984
192
110
834
293
675
511
73
402
134
451
539
264
135
905
140
108
110
499
635
645
423
333
723
492
849
862
596
763
109
410
175
420
43
947
557
646
508
252
677
548
715
83
697
413
922
684
521
194
295
367
309
372
227
531
984
97
741
925
214
140
609
326
704
131
680
917
406
20
218
149
884
494
961
620
651
84
944
83
551
745
671
877
127
616
570
833
628
710
857
708
268
971
601
639
377
956
417
660
805
338
986
806
131
618
56
12
572
341
211
561
699
399
536
725
895
113
444
503
733
456
450
269
80
953
202
752
832
464
967
817
617
138
100
211
716
368
21
193
795
857
472
500
446
307
36
165
656
901
792
63
798
4
529
256
172
973
189
365
504
859
923
972
258
951
193
901
119
344
296
786
741
870
9
251
759
75
662
446
175
826
557
295
742
135
794
381
653
991
733
133
741
837
843
731
958
363
42
844
238
933
840
954
940
487
843
739
797
436
328
279
499
43
698
725
989
949
999
528
323
576
483
923
410
491
865
170
157
230
899
315
579
316
147
484
1
294
47
114
935
631
601
751
44
492
636
976
393
117
274
54
876
21
358
348
932
398
774
125
567
325
303
406
148
989
128
388
805
332
584
332
889
141
524
525
931
939
612
46
718
230
640
316
793
757
262
428
664
515
967
158
54
50
765
153
830
354
123
801
756
250
629
562
905
133
41
792
101
119
887
883
498
21
23
301
899
233
563
643
461
12
304
575
266
934
577
292
944
74
679
36
346
757
285
960
903
801
945
576
892
599
45
745
611
704
662
522
2
318
239
403
199
871
881
281
225
948
764
218
716
163
17
66
636
135
181
913
781
516
506
954
739
927
300
239
959
604
273
158
611
378
38
396
207
86
816
514
24
505
255
773
262
927
622
360
175
681
996
488
576
784
968
892
49
389
46
488
274
523
788
470
372
291
710
565
542
778
958
551
230
1
486
825
663
471
499
139
253
44
900
398
128
376
451
404
784
99
425
259
868
359
373
372
274
80
461
933
589
719
648
709
730
472
546
531
669
675
69
53
128
212
849
760
128
254
84
630
137
226
259
64
329
641
268
724
512
865
688
539
857
476
76
242
985
376
974
758
710
446
99
354
761
751
864
518
663
414
366
653
109
692
20
833
387
990
685
435
260
321
568
482
164
480
308
613
770
980
858
223
608
72
164
501
570
265
522
163
418
375
679
280
244
531
302
110
223
578
514
254
486
715
25
999
345
457
855
245
969
284
807
205
50
175
249
475
52
247
375
771
356
108
792
410
39
184
214
901
995
972
555
199
797
377
208
555
72
94
910
324
991
347
400
710
89
792
565
413
246
938
499
901
14
866
433
170
72
643
149
672
714
942
469
442
619
925
746
514
158
639
415
365
654
900
200
896
23
77
344
685
775
234
634
535
613
737
802
411
963
21
988
225
449
978
377
20
719
755
940
636
729
337
461
505
622
663
220
550
372
713
121
161
989
956
493
265
673
20
294
997
255
300
59
961
216
63
299
411
222
857
447
377
638
205
861
217
383
531
73
324
840
780
414
909
341
935
743
353
124
135
232
365
570
910
11
742
205
551
113
405
986
863
203
109
49
331
729
968
563
364
408
476
801
122
328
684
211
715
863
916
527
717
441
950
921
488
679
606
777
68
294
807
918
452
563
867
836
416
187
975
942
430
923
68
677
285
695
360
508
737
708
590
840
919
584
274
128
332
797
239
18
291
792
49
592
1
865
277
527
17
805
595
871
712
907
412
658
801
663
889
223
947
930
57
709
825
352
463
485
557
714
712
865
435
85
502
981
753
686
568
118
417
645
387
376
901
632
129
702
328
45
602
850
680
187
684
892
357
76
496
317
884
183
498
980
813
882
506
133
748
869
674
551
489
174
661
118
342
360
211
543
807
735
822
733
703
587
982
615
971
396
834
248
788
829
878
429
864
475
175
957
777
313
278
727
915
452
771
234
675
353
147
489
49
757
598
777
406
939
901
25
253
634
291
7
980
184
234
77
456
714
652
121
495
661
40
266
870
416
82
566
259
741
453
432
994
146
893
724
267
870
739
625
438
945
584
295
573
34
471
531
62
752
249
122
340
126
481
851
890
932
952
495
951
170
331
158
563
245
402
660
793
410
326
362
52
861
315
253
124
710
726
251
533
189
906
480
552
942
350
282
497
952
760
814
345
619
747
871
621
607
701
995
833
112
363
727
74
828
257
246
874
902
919
466
219
394
255
517
618
55
121
26
642
627
954
455
203
112
846
762
172
805
298
883
454
926
843
679
174
641
583
725
894
816
28
256
230
3
381
299
94
335
666
267
844
448
13
641
335
357
698
847
965
24
431
53
199
702
838
706
412
649
425
200
443
583
102
985
193
674
364
766
731
786
823
174
576
186
774
900
114
600
609
215
266
8
250
449
139
459
446
898
378
174
962
410
123
65
431
635
344
871
514
493
869
481
606
10
385
743
481
722
231
301
863
694
149
787
105
691
748
282
956
962
130
88
690
846
115
870
995
272
934
660
377
965
752
507
289
164
689
330
463
572
923
371
162
651
78
162
269
84
967
496
625
713
370
314
691
94
247
570
58
741
498
463
85
719
479
494
497
540
414
326
205
278
700
543
637
599
98
576
243
922
830
84
203
168
642
52
479
449
199
434
716
187
191
203
549
716
661
823
437
614
218
507
245
192
65
482
484
3
948
387
79
715
248
826
979
574
486
523
270
752
931
129
918
424
879
486
238
879
956
934
702
700
907
197
991
977
88
430
112
133
419
778
823
80
236
176
641
593
168
964
733
205
420
99
381
198
315
196
659
150
86
979
174
986
122
662
418
510
365
935
792
790
788
168
587
305
458
26
100
350
402
96
218
363
796
46
412
783
508
255
108
593
780
507
19
66
257
869
244
910
714
886
856
562
841
144
162
53
889
101
36
260
389
150
704
532
357
418
347
745
765
315
653
473
368
695
819
796
139
474
195
124
813
135
587
421
38
740
648
962
451
842
166
54
469
290
455
409
163
897
894
451
980
590
506
431
703
792
811
218
364
265
146
298
889
881
56
369
586
666
791
914
399
533
444
142
657
898
504
434
193
221
733
630
100
931
52
995
292
533
510
504
585
446
77
679
121
185
983
930
344
77
12
18
961
781
259
45
924
675
562
482
879
781
912
345
57
460
24
125
222
990
676
42
627
377
321
315
91
500
274
248
620
543
937
144
107
157
851
711
880
14
880
715
22
293
854
44
501
439
185
918
915
412
953
230
592
518
192
167
865
168
59
663
441
608
954
173
654
761
611
560
353
93
311
717
535
44
842
0
866
829
577
479
73
10
2
532
46
66
363
915
903
834
77
445
781
582
334
902
10
941
131
710
555
203
695
772
34
11
810
982
714
212
836
573
440
215
688
670
207
669
43
772
420
562
274
474
912
510
901
974
327
686
248
830
479
279
174
70
147
662
37
439
994
395
937
831
85
873
731
38
247
808
76
436
361
160
10
399
353
673
939
9
840
948
298
37
691
353
247
573
750
956
527
304
745
553
86
796
647
37
123
535
980
440
639
529
613
608
474
682
914
399
89
840
549
659
929
933
95
271
179
542
890
128
5
551
581
167
64
125
780
228
29
197
943
314
555
903
136
129
773
285
198
613
242
174
977
392
666
333
773
536
928
311
219
861
229
503
567
611
594
731
569
587
520
781
200
947
609
124
302
478
669
469
820
525
741
537
698
816
894
492
551
472
111
335
833
574
475
568
438
442
355
341
334
956
209
846
857
344
11
618
431
412
761
969
557
341
871
628
59
974
814
848
361
743
333
172
311
978
221
636
273
141
3
735
236
533
335
372
105
787
740
886
590
625
779
758
433
532
696
945
341
506
592
936
649
645
487
110
188
975
388
802
62
180
666
885
519
989
890
395
105
136
553
117
442
121
87
420
762
576
822
890
536
62
263
497
973
250
172
748
341
131
602
650
82
727
271
831
166
124
614
886
238
107
554
835
250
637
156
756
877
84
740
638
863
662
89
474
726
977
636
840
425
454
949
466
145
953
899
656
481
708
289
16
884
980
204
265
251
717
104
851
572
109
488
407
596
82
145
678
660
834
471
666
618
895
283
158
712
947
484
876
108
438
444
141
917
418
910
137
941
777
648
822
854
528
758
670
677
851
979
670
56
632
400
345
906
705
778
773
959
472
504
530
629
405
860
573
404
519
60
874
269
808
903
400
406
428
551
871
200
799
115
941
301
380
882
184
349
890
343
836
559
89
545
497
515
441
760
739
493
1
744
745
889
227
849
5
43
674
281
955
347
483
138
540
119
512
998
762
711
635
170
21
6
608
431
462
635
81
82
109
972
538
71
66
328
827
915
770
93
476
152
674
335
820
475
859
965
907
995
915
980
485
325
134
792
91
239
828
16
159
783
612
401
66
964
909
888
256
668
876
315
730
155
394
42
432
690
558
185
637
885
139
741
460
56
217
490
790
536
645
909
679
872
157
886
57
566
635
590
998
501
515
914
493
967
240
866
105
321
394
846
771
285
25
189
158
807
138
241
608
975
122
95
413
960
719
547
887
218
771
81
841
432
846
479
181
755
349
827
855
979
0
605
504
867
444
586
462
215
518
893
916
390
917
866
955
785
34
542
659
18
353
105
876
816
938
850
651
183
327
575
207
909
802
308
622
972
428
724
36
144
183
654
957
499
942
71
808
626
145
619
268
491
697
429
967
789
197
205
640
657
146
61
91
635
767
693
405
562
266
641
288
775
418
668
650
319
531
653
405
778
333
705
342
558
71
686
502
566
479
421
872
513
57
71
713
763
763
66
346
578
332
770
994
143
280
859
892
275
991
958
281
731
331
166
849
484
678
705
929
480
970
558
761
615
270
784
788
657
240
706
489
696
997
892
210
231
830
600
228
749
748
570
338
251
269
916
969
150
223
990
297
684
549
128
156
336
80
368
188
99
179
161
885
64
138
121
561
710
456
998
305
137
50
24
242
319
371
799
895
46
185
573
328
240
163
530
822
661
497
310
570
674
11
82
490
716
408
874
361
343
803
530
404
495
795
501
553
692
48
122
624
577
563
864
540
489
805
460
303
969
894
378
709
357
378
947
514
589
203
694
366
646
344
191
255
373
903
133
335
224
759
96
897
751
95
601
641
548
433
288
269
460
959
299
476
73
586
128
774
752
788
303
804
409
946
57
535
910
74
264
722
979
934
497
805
333
568
535
686
956
336
